#YY  MM DD hh mm ss | Type | HEIGHT in cm
2022 08 22 03 15 00     2       -2.851
2022 08 22 03 11 00     2       -2.141
2022 08 22 03 07 00     2       -1.409
2022 08 22 03 03 00     2       -0.699
2022 08 22 02 59 00     2       0.033
2022 08 22 02 58 45     2       0.018
2022 08 22 02 58 30     2       0.025
2022 08 22 02 58 15     2       0.01
2022 08 22 02 58 00     2       0.017
2022 08 22 02 57 45     2       0.002
2022 08 22 02 57 30     2       0.009
2022 08 22 02 57 15     2       -0.005
2022 08 22 02 57 00     2       0.002
2022 08 22 02 56 45     2       0.012
2022 08 22 02 56 30     2       0.044
2022 08 22 02 56 15     2       0.055
2022 08 22 02 56 00     2       0.087
2022 08 22 02 55 45     2       0.072
2022 08 22 02 55 30     2       0.08
2022 08 22 02 55 15     2       0.065
2022 08 22 02 55 00     2       0.073
2022 08 22 02 54 45     2       0.083
2022 08 22 02 54 30     2       0.115
2022 08 22 02 54 15     2       0.126
2022 08 22 02 54 00     2       0.159
2022 08 22 02 53 45     2       0.144
2022 08 22 02 53 30     2       0.152
2022 08 22 02 53 15     2       0.138
2022 08 22 02 53 00     2       0.145
2022 08 22 02 52 45     2       0.156
2022 08 22 02 52 30     2       0.189
2022 08 22 02 52 15     2       0.199
2022 08 22 02 52 00     2       0.232
2022 08 22 02 51 45     2       0.218
2022 08 22 02 51 30     2       0.226
2022 08 22 02 51 15     2       0.212
2022 08 22 02 51 00     2       0.22
2022 08 22 02 50 45     2       0.231
2022 08 22 02 50 30     2       0.264
2022 08 22 02 50 15     2       0.275
2022 08 22 02 50 00     2       0.308
2022 08 22 02 49 45     2       0.294
2022 08 22 02 49 30     2       0.302
2022 08 22 02 49 15     2       0.289
2022 08 22 02 49 00     2       0.297
2022 08 22 02 48 45     2       0.283
2022 08 22 02 48 30     2       0.291
2022 08 22 02 48 15     2       0.278
2022 08 22 02 48 00     2       0.286
2022 08 22 02 47 45     2       0.298
2022 08 22 02 47 30     2       0.331
2022 08 22 02 47 15     2       0.343
2022 08 22 02 47 00     2       0.376
2022 08 22 02 46 45     2       0.363
2022 08 22 02 46 30     2       0.372
2022 08 22 02 46 15     2       0.359
2022 08 22 02 46 00     2       0.367
2022 08 22 02 45 45     2       0.354
2022 08 22 02 45 30     2       0.363
2022 08 22 02 45 15     2       0.35
2022 08 22 02 45 00     2       0.359
2022 08 22 02 44 45     2       0.371
2022 08 22 02 44 30     2       0.405
2022 08 22 02 44 15     2       0.417
2022 08 22 02 44 00     2       0.451
2022 08 22 02 43 45     2       0.439
2022 08 22 02 43 30     2       0.448
2022 08 22 02 43 15     2       0.435
2022 08 22 02 43 00     2       0.444
2022 08 22 02 42 45     2       0.432
2022 08 22 02 42 30     2       0.441
2022 08 22 02 42 15     2       0.429
2022 08 22 02 42 00     2       0.438
2022 08 22 02 41 45     2       0.451
2022 08 22 02 41 30     2       0.485
2022 08 22 02 41 15     2       0.498
2022 08 22 02 41 00     2       0.533
2022 08 22 02 40 45     2       0.521
2022 08 22 02 40 30     2       0.531
2022 08 22 02 40 15     2       0.519
2022 08 22 02 40 00     2       0.529
2022 08 22 02 39 45     2       0.542
2022 08 22 02 39 30     2       0.577
2022 08 22 02 39 15     2       0.59
2022 08 22 02 39 00     2       0.625
2022 08 22 02 38 45     2       0.613
2022 08 22 02 38 30     2       0.624
2022 08 22 02 38 15     2       0.612
2022 08 22 02 38 00     2       0.622
2022 08 22 02 37 45     2       0.611
2022 08 22 02 37 30     2       0.621
2022 08 22 02 37 15     2       0.61
2022 08 22 02 37 00     2       0.621
2022 08 22 02 36 45     2       0.609
2022 08 22 02 36 30     2       0.62
2022 08 22 02 36 15     2       0.609
2022 08 22 02 36 00     2       0.62
2022 08 22 02 35 45     2       0.609
2022 08 22 02 35 30     2       0.62
2022 08 22 02 35 15     2       0.609
2022 08 22 02 35 00     2       0.62
2022 08 22 02 34 45     2       0.634
2022 08 22 02 34 30     2       0.67
2022 08 22 02 34 15     2       0.685
2022 08 22 02 34 00     2       0.721
2022 08 22 02 33 45     2       0.71
2022 08 22 02 33 30     2       0.722
2022 08 22 02 33 15     2       0.711
2022 08 22 02 33 00     2       0.723
2022 08 22 02 32 45     2       0.713
2022 08 22 02 32 30     2       0.724
2022 08 22 02 32 15     2       0.714
2022 08 22 02 32 00     2       0.726
2022 08 22 02 31 45     2       0.716
2022 08 22 02 31 30     2       0.728
2022 08 22 02 31 15     2       0.718
2022 08 22 02 31 00     2       0.73
2022 08 22 02 30 45     2       0.745
2022 08 22 02 30 30     2       0.782
2022 08 22 02 30 15     2       0.798
2022 08 22 02 30 00     2       0.835
2022 08 22 02 29 45     2       0.8
2022 08 22 02 29 30     2       0.788
2022 08 22 02 29 15     2       0.753
2022 08 22 02 29 00     2       0.741
2022 08 22 02 28 45     2       0.682
2022 08 22 02 28 30     2       0.644
2022 08 22 02 28 15     2       0.585
2022 08 22 02 28 00     2       0.548
2022 08 22 02 27 45     2       0.464
2022 08 22 02 27 30     2       0.402
2022 08 22 02 27 15     2       0.318
2022 08 22 02 27 00     2       0.256
2022 08 22 02 26 45     2       0.097
2022 08 22 02 26 30     2       -0.04
2022 08 22 02 26 15     2       -0.198
2022 08 22 02 26 00     2       -0.335
2022 08 22 02 25 45     2       -0.318
2022 08 22 02 25 30     2       -0.28
2022 08 22 02 25 15     2       -0.263
2022 08 22 02 25 00     2       -0.225
2022 08 22 02 24 45     2       -0.083
2022 08 22 02 24 30     2       0.081
2022 08 22 02 24 15     2       0.223
2022 08 22 02 24 00     2       0.387
2022 08 22 02 23 45     2       0.454
2022 08 22 02 23 30     2       0.543
2022 08 22 02 23 15     2       0.61
2022 08 22 02 23 00     2       0.699
2022 08 22 02 22 45     2       0.666
2022 08 22 02 22 30     2       0.655
2022 08 22 02 22 15     2       0.623
2022 08 22 02 22 00     2       0.612
2022 08 22 02 21 45     2       0.555
2022 08 22 02 21 30     2       0.519
2022 08 22 02 21 15     2       0.462
2022 08 22 02 21 00     2       0.427
2022 08 22 02 20 45     2       0.345
2022 08 22 02 20 30     2       0.284
2022 08 22 02 20 15     2       0.202
2022 08 22 02 20 00     2       0.142
2022 08 22 02 19 45     2       -0.04
2022 08 22 02 19 30     2       -0.2
2022 08 22 02 19 15     2       -0.381
2022 08 22 02 19 00     2       -0.541
2022 08 22 02 18 45     2       -1.048
2022 08 22 02 18 30     2       -1.532
2022 08 22 02 18 15     2       -2.039
2022 08 22 02 18 00     2       -2.523
2022 08 22 02 17 45     2       -2.305
2022 08 22 02 17 30     2       -2.064
2022 08 22 02 17 15     2       -1.845
2022 08 22 02 17 00     2       -1.605
2022 08 22 02 16 45     2       -1.586
2022 08 22 02 16 30     2       -1.545
2022 08 22 02 16 15     2       -1.526
2022 08 22 02 16 00     2       -1.485
2022 08 22 02 15 45     2       -1.49
2022 08 22 02 15 30     2       -1.474
2022 08 22 02 15 15     2       -1.48
2022 08 22 02 15 00     2       -1.464
2022 08 22 02 14 45     2       -1.444
2022 08 22 02 14 30     2       -1.403
2022 08 22 02 14 15     2       -1.383
2022 08 22 02 14 00     2       -1.342
2022 08 22 02 13 45     2       -1.322
2022 08 22 02 13 30     2       -1.28
2022 08 22 02 13 15     2       -1.26
2022 08 22 02 13 00     2       -1.219
2022 08 22 02 12 45     2       -1.224
2022 08 22 02 12 30     2       -1.207
2022 08 22 02 12 15     2       -1.211
2022 08 22 02 12 00     2       -1.195
2022 08 22 02 11 45     2       -1.274
2022 08 22 02 11 30     2       -1.332
2022 08 22 02 11 15     2       -1.412
2022 08 22 02 11 00     2       -1.469
2022 08 22 02 10 45     2       -1.599
2022 08 22 02 10 30     2       -1.706
2022 08 22 02 10 15     2       -1.835
2022 08 22 02 10 00     2       -1.943
2022 08 22 02 09 45     2       -1.972
2022 08 22 02 09 30     2       -1.979
2022 08 22 02 09 15     2       -2.008
2022 08 22 02 09 00     2       -2.016
2022 08 22 02 08 45     2       -1.869
2022 08 22 02 08 30     2       -1.701
2022 08 22 02 08 15     2       -1.555
2022 08 22 02 08 00     2       -1.387
2022 08 22 02 07 45     2       -1.241
2022 08 22 02 07 30     2       -1.073
2022 08 22 02 07 15     2       -0.926
2022 08 22 02 07 00     2       -0.758
2022 08 22 02 06 45     2       -0.811
2022 08 22 02 06 30     2       -0.843
2022 08 22 02 06 15     2       -0.896
2022 08 22 02 06 00     2       -0.927
2022 08 22 02 05 45     2       -0.955
2022 08 22 02 05 30     2       -0.962
2022 08 22 02 05 15     2       -0.989
2022 08 22 02 05 00     2       -0.996
2022 08 22 02 04 45     2       -0.848
2022 08 22 02 04 30     2       -0.68
2022 08 22 02 04 15     2       -0.532
2022 08 22 02 04 00     2       -0.363
2022 08 22 02 03 45     2       -0.416
2022 08 22 02 03 30     2       -0.446
2022 08 22 02 03 15     2       -0.499
2022 08 22 02 03 00     2       -0.53
2022 08 22 02 02 45     2       -0.532
2022 08 22 02 02 30     2       -0.512
2022 08 22 02 02 15     2       -0.515
2022 08 22 02 02 00     2       -0.495
2022 08 22 02 01 45     2       -0.347
2022 08 22 02 01 30     2       -0.177
2022 08 22 02 01 15     2       -0.029
2022 08 22 02 01 00     2       0.141
2022 08 22 02 00 45     2       0.164
2022 08 22 02 00 30     2       0.209
2022 08 22 02 00 15     2       0.232
2022 08 22 02 00 00     2       0.277
2022 08 22 01 59 48     2       0.3
2022 08 22 01 59 37     2       0.346
2022 08 22 01 59 26     2       0.369
2022 08 22 01 59 15     2       0.414
2022 08 22 01 59 11     2       0.363
2022 08 22 01 59 07     2       0.334
2022 08 22 01 59 03     2       0.282
2022 08 22 01 59 00     2       0.253
2022 08 22 01 58 48     2       0.277
2022 08 22 01 58 37     2       0.322
2022 08 22 01 58 26     2       0.346
2022 08 22 01 58 15     2       0.392
2022 08 22 01 58 11     2       0.341
2022 08 22 01 58 07     2       0.312
2022 08 22 01 58 03     2       0.262
2022 08 22 01 58 00     2       0.233
2022 08 22 01 57 48     2       0.232
2022 08 22 01 57 37     2       0.253
2022 08 22 01 57 26     2       0.252
2022 08 22 01 57 15     2       0.274
2022 08 22 01 57 11     2       0.223
2022 08 22 01 57 07     2       0.195
2022 08 22 01 57 03     2       0.144
2022 08 22 01 57 00     2       0.116
2022 08 22 01 56 48     2       0.116
2022 08 22 01 56 37     2       0.137
2022 08 22 01 56 26     2       0.137
2022 08 22 01 56 15     2       0.159
2022 08 22 01 56 11     2       0.109
2022 08 22 01 56 07     2       0.08
2022 08 22 01 56 03     2       0.031
2022 08 22 01 56 00     2       0.002
2022 08 22 01 55 48     2       -0.047
2022 08 22 01 55 37     2       -0.075
2022 08 22 01 55 26     2       -0.125
2022 08 22 01 55 15     2       -0.153
2022 08 22 01 55 11     2       -0.203
2022 08 22 01 55 07     2       -0.23
2022 08 22 01 55 03     2       -0.28
2022 08 22 01 55 00     2       -0.308
2022 08 22 01 54 48     2       -0.432
2022 08 22 01 54 37     2       -0.534
2022 08 22 01 54 26     2       -0.659
2022 08 22 01 54 15     2       -0.761
2022 08 22 01 54 11     2       -0.81
2022 08 22 01 54 07     2       -0.838
2022 08 22 01 54 03     2       -0.887
2022 08 22 01 54 00     2       -0.914
2022 08 22 01 53 48     2       -0.888
2022 08 22 01 53 37     2       -0.84
2022 08 22 01 53 26     2       -0.814
2022 08 22 01 53 15     2       -0.766
2022 08 22 01 53 11     2       -0.815
2022 08 22 01 53 07     2       -0.842
2022 08 22 01 53 03     2       -0.891
2022 08 22 01 53 00     2       -0.918
2022 08 22 01 52 48     2       -0.717
2022 08 22 01 52 37     2       -0.493
2022 08 22 01 52 26     2       -0.292
2022 08 22 01 52 15     2       -0.069
2022 08 22 01 52 11     2       -0.117
2022 08 22 01 52 07     2       -0.144
2022 08 22 01 52 03     2       -0.192
2022 08 22 01 52 00     2       -0.219
2022 08 22 01 51 48     2       -0.117
2022 08 22 01 51 37     2       0.006
2022 08 22 01 51 26     2       0.108
2022 08 22 01 51 15     2       0.232
2022 08 22 01 51 11     2       0.184
2022 08 22 01 51 07     2       0.157
2022 08 22 01 51 03     2       0.109
2022 08 22 01 51 00     2       0.083
2022 08 22 01 50 48     2       0.135
2022 08 22 01 50 37     2       0.209
2022 08 22 01 50 26     2       0.261
2022 08 22 01 50 15     2       0.335
2022 08 22 01 50 11     2       0.287
2022 08 22 01 50 07     2       0.261
2022 08 22 01 50 03     2       0.214
2022 08 22 01 50 00     2       0.188
2022 08 22 01 49 48     2       0.215
2022 08 22 01 49 37     2       0.264
2022 08 22 01 49 26     2       0.292
2022 08 22 01 49 15     2       0.341
2022 08 22 01 49 11     2       0.293
2022 08 22 01 49 07     2       0.268
2022 08 22 01 49 03     2       0.22
2022 08 22 01 49 00     2       0.194
2022 08 22 01 48 48     2       0.222
2022 08 22 01 48 37     2       0.272
2022 08 22 01 48 26     2       0.299
2022 08 22 01 48 15     2       0.349
2022 08 22 01 48 11     2       0.302
2022 08 22 01 48 07     2       0.276
2022 08 22 01 48 03     2       0.229
2022 08 22 01 48 00     2       0.204
2022 08 22 01 47 48     2       0.232
2022 08 22 01 47 37     2       0.281
2022 08 22 01 47 26     2       0.309
2022 08 22 01 47 15     2       0.359
2022 08 22 01 47 11     2       0.312
2022 08 22 01 47 07     2       0.287
2022 08 22 01 47 03     2       0.24
2022 08 22 01 47 00     2       0.215
2022 08 22 01 46 48     2       0.243
2022 08 22 01 46 37     2       0.293
2022 08 22 01 46 26     2       0.321
2022 08 22 01 46 15     2       0.371
2022 08 22 01 46 11     2       0.324
2022 08 22 01 46 07     2       0.299
2022 08 22 01 46 03     2       0.253
2022 08 22 01 46 00     2       0.228
2022 08 22 01 45 48     2       0.256
2022 08 22 01 45 37     2       0.306
2022 08 22 01 45 26     2       0.335
2022 08 22 01 45 15     2       0.385
2022 08 22 01 45 11     2       0.338
2022 08 22 01 45 07     2       0.313
2022 08 22 01 45 03     2       0.267
2022 08 22 01 45 00     2       0.242
2022 08 22 01 44 48     2       0.271
2022 08 22 01 44 37     2       0.321
2022 08 22 01 44 26     2       0.35
2022 08 22 01 44 15     2       0.4
2022 08 22 01 44 11     2       0.354
2022 08 22 01 44 07     2       0.329
2022 08 22 01 44 03     2       0.283
2022 08 22 01 44 00     2       0.258
2022 08 22 01 43 48     2       0.287
2022 08 22 01 43 37     2       0.338
2022 08 22 01 43 26     2       0.366
2022 08 22 01 43 15     2       0.417
2022 08 22 01 43 11     2       0.371
2022 08 22 01 43 07     2       0.346
2022 08 22 01 43 03     2       0.3
2022 08 22 01 43 00     2       0.276
2022 08 22 01 42 48     2       0.33
2022 08 22 01 42 37     2       0.405
2022 08 22 01 42 26     2       0.459
2022 08 22 01 42 15     2       0.535
2022 08 22 01 42 11     2       0.489
2022 08 22 01 42 07     2       0.465
2022 08 22 01 42 03     2       0.419
2022 08 22 01 42 00     2       0.394
2022 08 22 01 41 48     2       0.398
2022 08 22 01 41 37     2       0.424
2022 08 22 01 41 26     2       0.428
2022 08 22 01 41 15     2       0.454
2022 08 22 01 41 11     2       0.408
2022 08 22 01 41 07     2       0.384
2022 08 22 01 41 03     2       0.338
2022 08 22 01 41 00     2       0.314
2022 08 22 01 40 48     2       0.343
2022 08 22 01 40 37     2       0.394
2022 08 22 01 40 26     2       0.423
2022 08 22 01 40 15     2       0.474
2022 08 22 01 40 11     2       0.428
2022 08 22 01 40 07     2       0.404
2022 08 22 01 40 03     2       0.358
2022 08 22 01 40 00     2       0.334
2022 08 22 01 39 48     2       0.263
2022 08 22 01 39 37     2       0.214
2022 08 22 01 39 26     2       0.143
2022 08 22 01 39 15     2       0.094
2022 08 22 01 39 11     2       0.048
2022 08 22 01 39 07     2       0.024
2022 08 22 01 39 03     2       -0.022
2022 08 22 01 39 00     2       -0.046
2022 08 22 01 38 48     2       -0.141
2022 08 22 01 38 37     2       -0.215
2022 08 22 01 38 26     2       -0.311
2022 08 22 01 38 15     2       -0.385
2022 08 22 01 38 11     2       -0.431
2022 08 22 01 38 07     2       -0.455
2022 08 22 01 38 03     2       -0.501
2022 08 22 01 38 00     2       -0.525
2022 08 22 01 37 48     2       -0.52
2022 08 22 01 37 37     2       -0.494
2022 08 22 01 37 26     2       -0.49
2022 08 22 01 37 15     2       -0.464
2022 08 22 01 37 11     2       -0.51
2022 08 22 01 37 07     2       -0.534
2022 08 22 01 37 03     2       -0.579
2022 08 22 01 37 00     2       -0.603
2022 08 22 01 36 48     2       -0.374
2022 08 22 01 36 37     2       -0.123
2022 08 22 01 36 26     2       0.106
2022 08 22 01 36 15     2       0.357
2022 08 22 01 36 11     2       0.312
2022 08 22 01 36 07     2       0.288
2022 08 22 01 36 03     2       0.242
2022 08 22 01 36 00     2       0.218
2022 08 22 01 35 48     2       0.347
2022 08 22 01 35 37     2       0.498
2022 08 22 01 35 26     2       0.628
2022 08 22 01 35 15     2       0.779
2022 08 22 01 35 11     2       0.733
2022 08 22 01 35 07     2       0.709
2022 08 22 01 35 03     2       0.663
2022 08 22 01 35 00     2       0.639
2022 08 22 01 34 48     2       0.693
2022 08 22 01 34 37     2       0.769
2022 08 22 01 34 26     2       0.824
2022 08 22 01 34 15     2       0.899
2022 08 22 01 34 11     2       0.854
2022 08 22 01 34 07     2       0.83
2022 08 22 01 34 03     2       0.784
2022 08 22 01 34 00     2       0.76
2022 08 22 01 33 48     2       0.789
2022 08 22 01 33 37     2       0.84
2022 08 22 01 33 26     2       0.869
2022 08 22 01 33 15     2       0.92
2022 08 22 01 33 11     2       0.874
2022 08 22 01 33 07     2       0.85
2022 08 22 01 33 03     2       0.804
2022 08 22 01 33 00     2       0.78
2022 08 22 01 32 48     2       0.834
2022 08 22 01 32 37     2       0.91
2022 08 22 01 32 26     2       0.964
2022 08 22 01 32 15     2       1.04
2022 08 22 01 32 11     2       0.994
2022 08 22 01 32 07     2       0.97
2022 08 22 01 32 03     2       0.924
2022 08 22 01 32 00     2       0.9
2022 08 22 01 31 48     2       0.904
2022 08 22 01 31 37     2       0.929
2022 08 22 01 31 26     2       0.933
2022 08 22 01 31 15     2       0.959
2022 08 22 01 31 11     2       0.913
2022 08 22 01 31 07     2       0.889
2022 08 22 01 31 03     2       0.843
2022 08 22 01 31 00     2       0.818
2022 08 22 01 30 48     2       0.897
2022 08 22 01 30 37     2       0.998
2022 08 22 01 30 26     2       1.077
2022 08 22 01 30 15     2       1.178
2022 08 22 01 30 11     2       1.131
2022 08 22 01 30 07     2       1.107
2022 08 22 01 30 03     2       1.061
2022 08 22 01 30 00     2       1.036
2022 08 22 01 29 48     2       1.065
2022 08 22 01 29 37     2       1.116
2022 08 22 01 29 26     2       1.144
2022 08 22 01 29 15     2       1.195
2022 08 22 01 29 11     2       1.149
2022 08 22 01 29 07     2       1.124
2022 08 22 01 29 03     2       1.078
2022 08 22 01 29 00     2       1.053
2022 08 22 01 28 48     2       1.107
2022 08 22 01 28 37     2       1.182
2022 08 22 01 28 26     2       1.236
2022 08 22 01 28 15     2       1.311
2022 08 22 01 28 11     2       1.265
2022 08 22 01 28 07     2       1.24
2022 08 22 01 28 03     2       1.194
2022 08 22 01 28 00     2       1.169
2022 08 22 01 27 48     2       1.172
2022 08 22 01 27 37     2       1.197
2022 08 22 01 27 26     2       1.201
2022 08 22 01 27 15     2       1.226
2022 08 22 01 27 11     2       1.179
2022 08 22 01 27 07     2       1.155
2022 08 22 01 27 03     2       1.108
2022 08 22 01 27 00     2       1.083
2022 08 22 01 26 48     2       1.111
2022 08 22 01 26 37     2       1.161
2022 08 22 01 26 26     2       1.19
2022 08 22 01 26 15     2       1.24
2022 08 22 01 26 11     2       1.193
2022 08 22 01 26 07     2       1.168
2022 08 22 01 26 03     2       1.121
2022 08 22 01 26 00     2       1.096
2022 08 22 01 25 48     2       1.099
2022 08 22 01 25 37     2       1.124
2022 08 22 01 25 26     2       1.127
2022 08 22 01 25 15     2       1.152
2022 08 22 01 25 11     2       1.105
2022 08 22 01 25 07     2       1.079
2022 08 22 01 25 03     2       1.032
2022 08 22 01 25 00     2       1.007
2022 08 22 01 24 48     2       1.01
2022 08 22 01 24 37     2       1.035
2022 08 22 01 24 26     2       1.038
2022 08 22 01 24 15     2       1.062
2022 08 22 01 24 11     2       1.015
2022 08 22 01 24 07     2       0.99
2022 08 22 01 24 03     2       0.942
2022 08 22 01 24 00     2       0.917
2022 08 22 01 23 48     2       0.87
2022 08 22 01 23 37     2       0.844
2022 08 22 01 23 26     2       0.797
2022 08 22 01 23 15     2       0.771
2022 08 22 01 23 11     2       0.724
2022 08 22 01 23 07     2       0.698
2022 08 22 01 23 03     2       0.65
2022 08 22 01 23 00     2       0.625
2022 08 22 01 22 48     2       0.502
2022 08 22 01 22 37     2       0.401
2022 08 22 01 22 26     2       0.279
2022 08 22 01 22 15     2       0.178
2022 08 22 01 22 11     2       0.13
2022 08 22 01 22 07     2       0.104
2022 08 22 01 22 03     2       0.057
2022 08 22 01 22 00     2       0.031
2022 08 22 01 21 48     2       0.058
2022 08 22 01 21 37     2       0.107
2022 08 22 01 21 26     2       0.134
2022 08 22 01 21 15     2       0.183
2022 08 22 01 21 11     2       0.135
2022 08 22 01 21 07     2       0.109
2022 08 22 01 21 03     2       0.061
2022 08 22 01 21 00     2       0.035
2022 08 22 01 20 48     2       0.212
2022 08 22 01 20 37     2       0.411
2022 08 22 01 20 26     2       0.588
2022 08 22 01 20 15     2       0.786
2022 08 22 01 20 11     2       0.738
2022 08 22 01 20 07     2       0.712
2022 08 22 01 20 03     2       0.664
2022 08 22 01 20 00     2       0.637
2022 08 22 01 19 48     2       0.764
2022 08 22 01 19 37     2       0.912
2022 08 22 01 19 26     2       1.039
2022 08 22 01 19 15     2       1.188
2022 08 22 01 19 11     2       1.139
2022 08 22 01 19 07     2       1.113
2022 08 22 01 19 03     2       1.064
2022 08 22 01 19 00     2       1.037
2022 08 22 01 18 48     2       1.064
2022 08 22 01 18 37     2       1.112
2022 08 22 01 18 26     2       1.139
2022 08 22 01 18 15     2       1.187
2022 08 22 01 18 11     2       1.138
2022 08 22 01 18 07     2       1.111
2022 08 22 01 18 03     2       1.063
2022 08 22 01 18 00     2       1.036
2022 08 22 01 17 48     2       1.037
2022 08 22 01 17 37     2       1.06
2022 08 22 01 17 26     2       1.061
2022 08 22 01 17 15     2       1.084
2022 08 22 01 17 11     2       1.035
2022 08 22 01 17 07     2       1.008
2022 08 22 01 17 03     2       0.959
2022 08 22 01 17 00     2       0.932
2022 08 22 01 16 48     2       0.983
2022 08 22 01 16 37     2       1.056
2022 08 22 01 16 26     2       1.107
2022 08 22 01 16 15     2       1.179
2022 08 22 01 16 11     2       1.13
2022 08 22 01 16 07     2       1.103
2022 08 22 01 16 03     2       1.053
2022 08 22 01 16 00     2       1.026
2022 08 22 01 15 48     2       1.052
2022 08 22 01 15 37     2       1.099
2022 08 22 01 15 26     2       1.125
2022 08 22 01 15 15     2       1.172
2022 08 22 01 15 11     2       1.123
2022 08 22 01 15 07     2       1.095
2022 08 22 01 15 03     2       1.046
2022 08 22 01 15 00     2       1.018
2022 08 22 01 14 48     2       1.043
2022 08 22 01 14 37     2       1.09
2022 08 22 01 14 26     2       1.116
2022 08 22 01 14 15     2       1.163
2022 08 22 01 14 11     2       1.113
2022 08 22 01 14 07     2       1.085
2022 08 22 01 14 03     2       1.036
2022 08 22 01 14 00     2       1.008
2022 08 22 01 13 48     2       1.033
2022 08 22 01 13 37     2       1.08
2022 08 22 01 13 26     2       1.105
2022 08 22 01 13 15     2       1.152
2022 08 22 01 13 11     2       1.102
2022 08 22 01 13 07     2       1.074
2022 08 22 01 13 03     2       1.024
2022 08 22 01 13 00     2       0.995
2022 08 22 01 12 48     2       0.995
2022 08 22 01 12 37     2       1.017
2022 08 22 01 12 26     2       1.017
2022 08 22 01 12 15     2       1.038
2022 08 22 01 12 11     2       0.988
2022 08 22 01 12 07     2       0.96
2022 08 22 01 12 03     2       0.91
2022 08 22 01 12 00     2       0.881
2022 08 22 01 11 48     2       0.906
2022 08 22 01 11 37     2       0.952
2022 08 22 01 11 26     2       0.977
2022 08 22 01 11 15     2       1.023
2022 08 22 01 11 11     2       0.973
2022 08 22 01 11 07     2       0.944
2022 08 22 01 11 03     2       0.893
2022 08 22 01 11 00     2       0.865
2022 08 22 01 10 48     2       0.839
2022 08 22 01 10 37     2       0.835
2022 08 22 01 10 26     2       0.809
2022 08 22 01 10 15     2       0.806
2022 08 22 01 10 11     2       0.755
2022 08 22 01 10 07     2       0.726
2022 08 22 01 10 03     2       0.675
2022 08 22 01 10 00     2       0.646
2022 08 22 01 09 48     2       0.595
2022 08 22 01 09 37     2       0.566
2022 08 22 01 09 26     2       0.515
2022 08 22 01 09 15     2       0.486
2022 08 22 01 09 11     2       0.435
2022 08 22 01 09 07     2       0.406
2022 08 22 01 09 03     2       0.355
2022 08 22 01 09 00     2       0.326
2022 08 22 01 08 48     2       0.299
2022 08 22 01 08 37     2       0.295
2022 08 22 01 08 26     2       0.269
2022 08 22 01 08 15     2       0.265
2022 08 22 01 08 11     2       0.213
2022 08 22 01 08 07     2       0.184
2022 08 22 01 08 03     2       0.133
2022 08 22 01 08 00     2       0.103
2022 08 22 01 07 48     2       0.177
2022 08 22 01 07 37     2       0.272
2022 08 22 01 07 26     2       0.346
2022 08 22 01 07 15     2       0.441
2022 08 22 01 07 11     2       0.39
2022 08 22 01 07 07     2       0.36
2022 08 22 01 07 03     2       0.309
2022 08 22 01 07 00     2       0.279
2022 08 22 01 06 48     2       0.177
2022 08 22 01 06 37     2       0.097
2022 08 22 01 06 26     2       -0.004
2022 08 22 01 06 15     2       -0.084
2022 08 22 01 06 11     2       -0.136
2022 08 22 01 06 07     2       -0.166
2022 08 22 01 06 03     2       -0.217
2022 08 22 01 06 00     2       -0.247
2022 08 22 01 05 48     2       -0.249
2022 08 22 01 05 37     2       -0.229
2022 08 22 01 05 26     2       -0.231
2022 08 22 01 05 15     2       -0.211
2022 08 22 01 05 11     2       -0.263
2022 08 22 01 05 07     2       -0.293
2022 08 22 01 05 03     2       -0.345
2022 08 22 01 05 00     2       -0.375
2022 08 22 01 04 48     2       -0.227
2022 08 22 01 04 37     2       -0.058
2022 08 22 01 04 26     2       0.09
2022 08 22 01 04 15     2       0.26
2022 08 22 01 04 11     2       0.208
2022 08 22 01 04 07     2       0.178
2022 08 22 01 04 03     2       0.126
2022 08 22 01 04 00     2       0.095
2022 08 22 01 03 48     2       0.143
2022 08 22 01 03 37     2       0.212
2022 08 22 01 03 26     2       0.26
2022 08 22 01 03 15     2       0.33
2022 08 22 01 03 11     2       0.277
2022 08 22 01 03 07     2       0.247
2022 08 22 01 03 03     2       0.195
2022 08 22 01 03 00     2       0.164
2022 08 22 01 02 48     2       0.162
2022 08 22 01 02 37     2       0.181
2022 08 22 01 02 26     2       0.179
2022 08 22 01 02 15     2       0.198
2022 08 22 01 02 11     2       0.145
2022 08 22 01 02 07     2       0.115
2022 08 22 01 02 03     2       0.062
2022 08 22 01 02 00     2       0.031
2022 08 22 01 01 48     2       0.179
2022 08 22 01 01 37     2       0.348
2022 08 22 01 01 26     2       0.495
2022 08 22 01 01 15     2       0.665
2022 08 22 01 01 11     2       0.612
2022 08 22 01 01 07     2       0.581
2022 08 22 01 01 03     2       0.528
2022 08 22 01 01 00     2       0.497
2022 08 22 01 00 48     2       0.52
2022 08 22 01 00 37     2       0.564
2022 08 22 01 00 26     2       0.586
2022 08 22 01 00 15     2       0.63
2022 08 22 01 00 11     2       0.577
2022 08 22 01 00 07     2       0.546
2022 08 22 01 00 03     2       0.493
2022 08 22 01 00 00     2       0.462
2022 08 22 00 59 48     2       0.484
2022 08 22 00 59 37     2       0.528
2022 08 22 00 59 26     2       0.55
2022 08 22 00 59 15     2       0.594
2022 08 22 00 59 11     2       0.541
2022 08 22 00 59 07     2       0.51
2022 08 22 00 59 03     2       0.457
2022 08 22 00 59 00     2       0.426
2022 08 22 00 58 48     2       0.473
2022 08 22 00 58 37     2       0.541
2022 08 22 00 58 26     2       0.588
2022 08 22 00 58 15     2       0.657
2022 08 22 00 58 11     2       0.604
2022 08 22 00 58 07     2       0.573
2022 08 22 00 58 03     2       0.52
2022 08 22 00 58 00     2       0.488
2022 08 22 00 57 48     2       0.51
2022 08 22 00 57 37     2       0.554
2022 08 22 00 57 26     2       0.575
2022 08 22 00 57 15     2       0.619
2022 08 22 00 57 11     2       0.566
2022 08 22 00 57 07     2       0.534
2022 08 22 00 57 03     2       0.481
2022 08 22 00 57 00     2       0.45
2022 08 22 00 56 48     2       0.472
2022 08 22 00 56 37     2       0.515
2022 08 22 00 56 26     2       0.537
2022 08 22 00 56 15     2       0.58
2022 08 22 00 56 11     2       0.527
2022 08 22 00 56 07     2       0.495
2022 08 22 00 56 03     2       0.442
2022 08 22 00 56 00     2       0.411
2022 08 22 00 55 48     2       0.432
2022 08 22 00 55 37     2       0.476
2022 08 22 00 55 26     2       0.497
2022 08 22 00 55 15     2       0.541
2022 08 22 00 55 11     2       0.487
2022 08 22 00 55 07     2       0.456
2022 08 22 00 55 03     2       0.402
2022 08 22 00 55 00     2       0.371
2022 08 22 00 54 48     2       0.392
2022 08 22 00 54 37     2       0.436
2022 08 22 00 54 26     2       0.457
2022 08 22 00 54 15     2       0.501
2022 08 22 00 54 11     2       0.447
2022 08 22 00 54 07     2       0.415
2022 08 22 00 54 03     2       0.362
2022 08 22 00 54 00     2       0.33
2022 08 22 00 53 48     2       0.327
2022 08 22 00 53 37     2       0.345
2022 08 22 00 53 26     2       0.342
2022 08 22 00 53 15     2       0.36
2022 08 22 00 53 11     2       0.307
2022 08 22 00 53 07     2       0.275
2022 08 22 00 53 03     2       0.221
2022 08 22 00 53 00     2       0.19
2022 08 22 00 52 48     2       0.186
2022 08 22 00 52 37     2       0.204
2022 08 22 00 52 26     2       0.201
2022 08 22 00 52 15     2       0.219
2022 08 22 00 52 11     2       0.166
2022 08 22 00 52 07     2       0.134
2022 08 22 00 52 03     2       0.08
2022 08 22 00 52 00     2       0.049
2022 08 22 00 51 48     2       -0.005
2022 08 22 00 51 37     2       -0.037
2022 08 22 00 51 26     2       -0.09
2022 08 22 00 51 15     2       -0.122
2022 08 22 00 51 11     2       -0.176
2022 08 22 00 51 07     2       -0.207
2022 08 22 00 51 03     2       -0.261
2022 08 22 00 51 00     2       -0.293
2022 08 22 00 50 48     2       -0.396
2022 08 22 00 50 37     2       -0.478
2022 08 22 00 50 26     2       -0.581
2022 08 22 00 50 15     2       -0.663
2022 08 22 00 50 11     2       -0.717
2022 08 22 00 50 07     2       -0.748
2022 08 22 00 50 03     2       -0.802
2022 08 22 00 50 00     2       -0.834
2022 08 22 00 49 48     2       -0.812
2022 08 22 00 49 37     2       -0.769
2022 08 22 00 49 26     2       -0.747
2022 08 22 00 49 15     2       -0.704
2022 08 22 00 49 11     2       -0.758
2022 08 22 00 49 07     2       -0.789
2022 08 22 00 49 03     2       -0.843
2022 08 22 00 49 00     2       -0.875
2022 08 22 00 48 48     2       -0.703
2022 08 22 00 48 37     2       -0.51
2022 08 22 00 48 26     2       -0.338
2022 08 22 00 48 15     2       -0.145
2022 08 22 00 48 11     2       -0.198
2022 08 22 00 48 07     2       -0.23
2022 08 22 00 48 03     2       -0.284
2022 08 22 00 48 00     2       -0.315
2022 08 22 00 47 48     2       -0.194
2022 08 22 00 47 37     2       -0.05
2022 08 22 00 47 26     2       0.071
2022 08 22 00 47 15     2       0.215
2022 08 22 00 47 11     2       0.161
2022 08 22 00 47 07     2       0.13
2022 08 22 00 47 03     2       0.076
2022 08 22 00 47 00     2       0.045
2022 08 22 00 46 48     2       0.066
2022 08 22 00 46 37     2       0.11
2022 08 22 00 46 26     2       0.131
2022 08 22 00 46 15     2       0.175
2022 08 22 00 46 11     2       0.121
2022 08 22 00 46 07     2       0.09
2022 08 22 00 46 03     2       0.036
2022 08 22 00 46 00     2       0.005
2022 08 22 00 45 48     2       0.027
2022 08 22 00 45 37     2       0.07
2022 08 22 00 45 26     2       0.092
2022 08 22 00 45 15     2       0.135
2022 08 22 00 45 11     2       0.082
2022 08 22 00 45 07     2       0.051
2022 08 22 00 45 03     2       -0.003
2022 08 22 00 45 00     2       -0.034
2022 08 22 00 44 48     2       -0.037
2022 08 22 00 44 37     2       -0.019
2022 08 22 00 44 26     2       -0.022
2022 08 22 00 44 15     2       -0.003
2022 08 22 00 44 11     2       -0.056
2022 08 22 00 44 07     2       -0.088
2022 08 22 00 44 03     2       -0.141
2022 08 22 00 44 00     2       -0.172
2022 08 22 00 43 48     2       -0.125
2022 08 22 00 43 37     2       -0.056
2022 08 22 00 43 26     2       -0.009
2022 08 22 00 43 15     2       0.059
2022 08 22 00 43 11     2       0.006
2022 08 22 00 43 07     2       -0.025
2022 08 22 00 43 03     2       -0.078
2022 08 22 00 43 00     2       -0.109
2022 08 22 00 42 48     2       -0.087
2022 08 22 00 42 37     2       -0.043
2022 08 22 00 42 26     2       -0.021
2022 08 22 00 42 15     2       0.023
2022 08 22 00 42 11     2       -0.03
2022 08 22 00 42 07     2       -0.061
2022 08 22 00 42 03     2       -0.114
2022 08 22 00 42 00     2       -0.145
2022 08 22 00 41 48     2       -0.123
2022 08 22 00 41 37     2       -0.079
2022 08 22 00 41 26     2       -0.057
2022 08 22 00 41 15     2       -0.013
2022 08 22 00 41 11     2       -0.065
2022 08 22 00 41 07     2       -0.096
2022 08 22 00 41 03     2       -0.149
2022 08 22 00 41 00     2       -0.18
2022 08 22 00 40 48     2       -0.182
2022 08 22 00 40 37     2       -0.163
2022 08 22 00 40 26     2       -0.166
2022 08 22 00 40 15     2       -0.147
2022 08 22 00 40 11     2       -0.199
2022 08 22 00 40 07     2       -0.23
2022 08 22 00 40 03     2       -0.282
2022 08 22 00 40 00     2       -0.313
2022 08 22 00 39 48     2       -0.266
2022 08 22 00 39 37     2       -0.196
2022 08 22 00 39 26     2       -0.149
2022 08 22 00 39 15     2       -0.079
2022 08 22 00 39 11     2       -0.132
2022 08 22 00 39 07     2       -0.162
2022 08 22 00 39 03     2       -0.215
2022 08 22 00 39 00     2       -0.245
2022 08 22 00 38 48     2       -0.247
2022 08 22 00 38 37     2       -0.228
2022 08 22 00 38 26     2       -0.23
2022 08 22 00 38 15     2       -0.21
2022 08 22 00 38 11     2       -0.263
2022 08 22 00 38 07     2       -0.293
2022 08 22 00 38 03     2       -0.345
2022 08 22 00 38 00     2       -0.375
2022 08 22 00 37 48     2       -0.352
2022 08 22 00 37 37     2       -0.308
2022 08 22 00 37 26     2       -0.285
2022 08 22 00 37 15     2       -0.24
2022 08 22 00 37 11     2       -0.292
2022 08 22 00 37 07     2       -0.322
2022 08 22 00 37 03     2       -0.374
2022 08 22 00 37 00     2       -0.404
2022 08 22 00 36 48     2       -0.406
2022 08 22 00 36 37     2       -0.386
2022 08 22 00 36 26     2       -0.388
2022 08 22 00 36 15     2       -0.368
2022 08 22 00 36 11     2       -0.42
2022 08 22 00 36 07     2       -0.449
2022 08 22 00 36 03     2       -0.501
2022 08 22 00 36 00     2       -0.531
2022 08 22 00 35 48     2       -0.583
2022 08 22 00 35 37     2       -0.612
2022 08 22 00 35 26     2       -0.664
2022 08 22 00 35 15     2       -0.694
2022 08 22 00 35 11     2       -0.745
2022 08 22 00 35 07     2       -0.775
2022 08 22 00 35 03     2       -0.826
2022 08 22 00 35 00     2       -0.856
2022 08 22 00 34 48     2       -0.982
2022 08 22 00 34 37     2       -1.087
2022 08 22 00 34 26     2       -1.213
2022 08 22 00 34 15     2       -1.318
2022 08 22 00 34 11     2       -1.369
2022 08 22 00 34 07     2       -1.399
2022 08 22 00 34 03     2       -1.45
2022 08 22 00 34 00     2       -1.479
2022 08 22 00 33 48     2       -1.455
2022 08 22 00 33 37     2       -1.41
2022 08 22 00 33 26     2       -1.386
2022 08 22 00 33 15     2       -1.34
2022 08 22 00 33 11     2       -1.391
2022 08 22 00 33 07     2       -1.42
2022 08 22 00 33 03     2       -1.471
2022 08 22 00 33 00     2       -1.5
2022 08 22 00 32 48     2       -1.351
2022 08 22 00 32 37     2       -1.18
2022 08 22 00 32 26     2       -1.031
2022 08 22 00 32 15     2       -0.86
2022 08 22 00 32 11     2       -0.911
2022 08 22 00 32 07     2       -0.94
2022 08 22 00 32 03     2       -0.991
2022 08 22 00 32 00     2       -1.019
2022 08 22 00 31 48     2       -0.87
2022 08 22 00 31 37     2       -0.699
2022 08 22 00 31 26     2       -0.549
2022 08 22 00 31 15     2       -0.378
2022 08 22 00 31 11     2       -0.429
2022 08 22 00 31 07     2       -0.457
2022 08 22 00 31 03     2       -0.508
2022 08 22 00 31 00     2       -0.536
2022 08 22 00 30 48     2       -0.512
2022 08 22 00 30 37     2       -0.465
2022 08 22 00 30 26     2       -0.441
2022 08 22 00 30 15     2       -0.394
2022 08 22 00 30 11     2       -0.444
2022 08 22 00 30 07     2       -0.473
2022 08 22 00 30 03     2       -0.523
2022 08 22 00 30 00     2       -0.551
2022 08 22 00 29 48     2       -0.526
2022 08 22 00 29 37     2       -0.48
2022 08 22 00 29 26     2       -0.455
2022 08 22 00 29 15     2       -0.408
2022 08 22 00 29 11     2       -0.458
2022 08 22 00 29 07     2       -0.486
2022 08 22 00 29 03     2       -0.536
2022 08 22 00 29 00     2       -0.564
2022 08 22 00 28 48     2       -0.564
2022 08 22 00 28 37     2       -0.542
2022 08 22 00 28 26     2       -0.541
2022 08 22 00 28 15     2       -0.519
2022 08 22 00 28 11     2       -0.569
2022 08 22 00 28 07     2       -0.597
2022 08 22 00 28 03     2       -0.646
2022 08 22 00 28 00     2       -0.674
2022 08 22 00 27 48     2       -0.724
2022 08 22 00 27 37     2       -0.751
2022 08 22 00 27 26     2       -0.801
2022 08 22 00 27 15     2       -0.829
2022 08 22 00 27 11     2       -0.878
2022 08 22 00 27 07     2       -0.905
2022 08 22 00 27 03     2       -0.955
2022 08 22 00 27 00     2       -0.982
2022 08 22 00 26 48     2       -1.081
2022 08 22 00 26 37     2       -1.159
2022 08 22 00 26 26     2       -1.258
2022 08 22 00 26 15     2       -1.335
2022 08 22 00 26 11     2       -1.385
2022 08 22 00 26 07     2       -1.412
2022 08 22 00 26 03     2       -1.461
2022 08 22 00 26 00     2       -1.488
2022 08 22 00 25 48     2       -1.512
2022 08 22 00 25 37     2       -1.514
2022 08 22 00 25 26     2       -1.538
2022 08 22 00 25 15     2       -1.54
2022 08 22 00 25 11     2       -1.589
2022 08 22 00 25 07     2       -1.616
2022 08 22 00 25 03     2       -1.665
2022 08 22 00 25 00     2       -1.692
2022 08 22 00 24 48     2       -1.515
2022 08 22 00 24 37     2       -1.317
2022 08 22 00 24 26     2       -1.141
2022 08 22 00 24 15     2       -0.943
2022 08 22 00 24 11     2       -0.991
2022 08 22 00 24 07     2       -1.018
2022 08 22 00 24 03     2       -1.066
2022 08 22 00 24 00     2       -1.093
2022 08 22 00 23 48     2       -0.966
2022 08 22 00 23 37     2       -0.818
2022 08 22 00 23 26     2       -0.691
2022 08 22 00 23 15     2       -0.543
2022 08 22 00 23 11     2       -0.591
2022 08 22 00 23 07     2       -0.618
2022 08 22 00 23 03     2       -0.666
2022 08 22 00 23 00     2       -0.692
2022 08 22 00 22 48     2       -0.69
2022 08 22 00 22 37     2       -0.667
2022 08 22 00 22 26     2       -0.665
2022 08 22 00 22 15     2       -0.641
2022 08 22 00 22 11     2       -0.689
2022 08 22 00 22 07     2       -0.715
2022 08 22 00 22 03     2       -0.763
2022 08 22 00 22 00     2       -0.789
2022 08 22 00 21 48     2       -0.762
2022 08 22 00 21 37     2       -0.713
2022 08 22 00 21 26     2       -0.686
2022 08 22 00 21 15     2       -0.637
2022 08 22 00 21 11     2       -0.684
2022 08 22 00 21 07     2       -0.71
2022 08 22 00 21 03     2       -0.758
2022 08 22 00 21 00     2       -0.784
2022 08 22 00 20 48     2       -0.781
2022 08 22 00 20 37     2       -0.757
2022 08 22 00 20 26     2       -0.755
2022 08 22 00 20 15     2       -0.73
2022 08 22 00 20 11     2       -0.778
2022 08 22 00 20 07     2       -0.803
2022 08 22 00 20 03     2       -0.851
2022 08 22 00 20 00     2       -0.876
2022 08 22 00 19 48     2       -0.949
2022 08 22 00 19 37     2       -0.999
2022 08 22 00 19 26     2       -1.071
2022 08 22 00 19 15     2       -1.122
2022 08 22 00 19 11     2       -1.169
2022 08 22 00 19 07     2       -1.195
2022 08 22 00 19 03     2       -1.242
2022 08 22 00 19 00     2       -1.267
2022 08 22 00 18 48     2       -1.364
2022 08 22 00 18 37     2       -1.439
2022 08 22 00 18 26     2       -1.536
2022 08 22 00 18 15     2       -1.612
2022 08 22 00 18 11     2       -1.658
2022 08 22 00 18 07     2       -1.684
2022 08 22 00 18 03     2       -1.731
2022 08 22 00 18 00     2       -1.756
2022 08 22 00 17 48     2       -1.777
2022 08 22 00 17 37     2       -1.777
2022 08 22 00 17 26     2       -1.799
2022 08 22 00 17 15     2       -1.799
2022 08 22 00 17 11     2       -1.846
2022 08 22 00 17 07     2       -1.871
2022 08 22 00 17 03     2       -1.917
2022 08 22 00 17 00     2       -1.942
2022 08 22 00 16 48     2       -1.764
2022 08 22 00 16 37     2       -1.564
2022 08 22 00 16 26     2       -1.385
2022 08 22 00 16 15     2       -1.185
2022 08 22 00 16 11     2       -1.232
2022 08 22 00 16 07     2       -1.256
2022 08 22 00 16 03     2       -1.303
2022 08 22 00 16 00     2       -1.327
2022 08 22 00 15 48     2       -1.174
2022 08 22 00 15 37     2       -0.998
2022 08 22 00 15 26     2       -0.845
2022 08 22 00 15 15     2       -0.669
2022 08 22 00 15 11     2       -0.715
2022 08 22 00 15 07     2       -0.74
2022 08 22 00 15 03     2       -0.786
2022 08 22 00 15 00     2       -0.811
2022 08 22 00 14 48     2       -0.807
2022 08 22 00 14 37     2       -0.781
2022 08 22 00 14 26     2       -0.777
2022 08 22 00 14 15     2       -0.752
2022 08 22 00 14 11     2       -0.798
2022 08 22 00 14 07     2       -0.822
2022 08 22 00 14 03     2       -0.868
2022 08 22 00 14 00     2       -0.892
2022 08 22 00 13 48     2       -0.888
2022 08 22 00 13 37     2       -0.862
2022 08 22 00 13 26     2       -0.858
2022 08 22 00 13 15     2       -0.832
2022 08 22 00 13 11     2       -0.878
2022 08 22 00 13 07     2       -0.902
2022 08 22 00 13 03     2       -0.948
2022 08 22 00 13 00     2       -0.972
2022 08 22 00 12 48     2       -0.993
2022 08 22 00 12 37     2       -0.992
2022 08 22 00 12 26     2       -1.013
2022 08 22 00 12 15     2       -1.012
2022 08 22 00 12 11     2       -1.058
2022 08 22 00 12 07     2       -1.082
2022 08 22 00 12 03     2       -1.127
2022 08 22 00 12 00     2       -1.151
2022 08 22 00 11 48     2       -1.197
2022 08 22 00 11 37     2       -1.221
2022 08 22 00 11 26     2       -1.266
2022 08 22 00 11 15     2       -1.29
2022 08 22 00 11 11     2       -1.336
2022 08 22 00 11 07     2       -1.36
2022 08 22 00 11 03     2       -1.405
2022 08 22 00 11 00     2       -1.429
2022 08 22 00 10 48     2       -1.574
2022 08 22 00 10 37     2       -1.698
2022 08 22 00 10 26     2       -1.844
2022 08 22 00 10 15     2       -1.967
2022 08 22 00 10 11     2       -2.013
2022 08 22 00 10 07     2       -2.036
2022 08 22 00 10 03     2       -2.082
2022 08 22 00 10 00     2       -2.106
2022 08 22 00 09 48     2       -2.101
2022 08 22 00 09 37     2       -2.075
2022 08 22 00 09 26     2       -2.07
2022 08 22 00 09 15     2       -2.043
2022 08 22 00 09 11     2       -2.089
2022 08 22 00 09 07     2       -2.112
2022 08 22 00 09 03     2       -2.158
2022 08 22 00 09 00     2       -2.181
2022 08 22 00 08 48     2       -2.051
2022 08 22 00 08 37     2       -1.9
2022 08 22 00 08 26     2       -1.77
2022 08 22 00 08 15     2       -1.619
2022 08 22 00 08 11     2       -1.664
2022 08 22 00 08 07     2       -1.688
2022 08 22 00 08 03     2       -1.733
2022 08 22 00 08 00     2       -1.756
2022 08 22 00 07 48     2       -1.626
2022 08 22 00 07 37     2       -1.475
2022 08 22 00 07 26     2       -1.345
2022 08 22 00 07 15     2       -1.193
2022 08 22 00 07 11     2       -1.239
2022 08 22 00 07 07     2       -1.262
2022 08 22 00 07 03     2       -1.307
2022 08 22 00 07 00     2       -1.331
2022 08 22 00 06 48     2       -1.401
2022 08 22 00 06 37     2       -1.449
2022 08 22 00 06 26     2       -1.519
2022 08 22 00 06 15     2       -1.568
2022 08 22 00 06 11     2       -1.613
2022 08 22 00 06 07     2       -1.636
2022 08 22 00 06 03     2       -1.681
2022 08 22 00 06 00     2       -1.705
2022 08 22 00 05 48     2       -1.75
2022 08 22 00 05 37     2       -1.773
2022 08 22 00 05 26     2       -1.818
2022 08 22 00 05 15     2       -1.842
2022 08 22 00 05 11     2       -1.887
2022 08 22 00 05 07     2       -1.91
2022 08 22 00 05 03     2       -1.955
2022 08 22 00 05 00     2       -1.978
2022 08 22 00 04 48     2       -1.873
2022 08 22 00 04 37     2       -1.747
2022 08 22 00 04 26     2       -1.642
2022 08 22 00 04 15     2       -1.515
2022 08 22 00 04 11     2       -1.56
2022 08 22 00 04 07     2       -1.584
2022 08 22 00 04 03     2       -1.629
2022 08 22 00 04 00     2       -1.652
2022 08 22 00 03 48     2       -1.722
2022 08 22 00 03 37     2       -1.771
2022 08 22 00 03 26     2       -1.841
2022 08 22 00 03 15     2       -1.889
2022 08 22 00 03 11     2       -1.934
2022 08 22 00 03 07     2       -1.958
2022 08 22 00 03 03     2       -2.003
2022 08 22 00 03 00     2       -2.026
2022 08 22 00 02 48     2       -2.146
2022 08 22 00 02 37     2       -2.245
2022 08 22 00 02 26     2       -2.365
2022 08 22 00 02 15     2       -2.463
2022 08 22 00 02 11     2       -2.508
2022 08 22 00 02 07     2       -2.532
2022 08 22 00 02 03     2       -2.577
2022 08 22 00 02 00     2       -2.6
2022 08 22 00 01 48     2       -2.546
2022 08 22 00 01 37     2       -2.469
2022 08 22 00 01 26     2       -2.414
2022 08 22 00 01 15     2       -2.338
2022 08 22 00 01 11     2       -2.383
2022 08 22 00 01 07     2       -2.406
2022 08 22 00 01 03     2       -2.452
2022 08 22 00 01 00     2       -2.475
2022 08 22 00 00 48     2       -2.296
2022 08 22 00 00 37     2       -2.094
2022 08 22 00 00 26     2       -1.914
2022 08 22 00 00 15     2       -1.713
2022 08 22 00 00 11     2       -1.758
2022 08 22 00 00 07     2       -1.782
2022 08 22 00 00 03     2       -1.827
2022 08 22 00 00 00     2       -1.851
2022 08 21 23 59 45     2       -1.721
2022 08 21 23 59 30     2       -1.57
2022 08 21 23 59 15     2       -1.44
2022 08 21 23 59 00     2       -1.289
2022 08 21 23 58 45     2       -1.259
2022 08 21 23 58 30     2       -1.208
2022 08 21 23 58 15     2       -1.179
2022 08 21 23 58 00     2       -1.127
2022 08 21 23 57 45     2       -1.098
2022 08 21 23 57 30     2       -1.047
2022 08 21 23 57 15     2       -1.017
2022 08 21 23 57 00     2       -0.966
2022 08 21 23 56 45     2       -0.962
2022 08 21 23 56 30     2       -0.936
2022 08 21 23 56 15     2       -0.931
2022 08 21 23 56 00     2       -0.905
2022 08 21 23 55 45     2       -0.976
2022 08 21 23 55 30     2       -1.025
2022 08 21 23 55 15     2       -1.096
2022 08 21 23 55 00     2       -1.145
2022 08 21 23 54 45     2       -1.24
2022 08 21 23 54 30     2       -1.314
2022 08 21 23 54 15     2       -1.41
2022 08 21 23 54 00     2       -1.484
2022 08 21 23 53 45     2       -1.53
2022 08 21 23 53 30     2       -1.554
2022 08 21 23 53 15     2       -1.6
2022 08 21 23 53 00     2       -1.625
2022 08 21 23 52 45     2       -1.446
2022 08 21 23 52 30     2       -1.245
2022 08 21 23 52 15     2       -1.066
2022 08 21 23 52 00     2       -0.865
2022 08 21 23 51 45     2       -0.736
2022 08 21 23 51 30     2       -0.586
2022 08 21 23 51 15     2       -0.457
2022 08 21 23 51 00     2       -0.306
2022 08 21 23 50 45     2       -0.277
2022 08 21 23 50 30     2       -0.227
2022 08 21 23 50 15     2       -0.198
2022 08 21 23 50 00     2       -0.148
2022 08 21 23 49 45     2       -0.144
2022 08 21 23 49 30     2       -0.119
2022 08 21 23 49 15     2       -0.115
2022 08 21 23 49 00     2       -0.09
2022 08 21 23 48 45     2       -0.086
2022 08 21 23 48 30     2       -0.061
2022 08 21 23 48 15     2       -0.057
2022 08 21 23 48 00     2       -0.032
2022 08 21 23 47 45     2       -0.079
2022 08 21 23 47 30     2       -0.104
2022 08 21 23 47 15     2       -0.15
2022 08 21 23 47 00     2       -0.175
2022 08 21 23 46 45     2       -0.322
2022 08 21 23 46 30     2       -0.447
2022 08 21 23 46 15     2       -0.594
2022 08 21 23 46 00     2       -0.719
2022 08 21 23 45 45     2       -0.716
2022 08 21 23 45 30     2       -0.691
2022 08 21 23 45 15     2       -0.688
2022 08 21 23 45 00     2       -0.663
2022 08 21 23 44 45     2       -0.485
2022 08 21 23 44 30     2       -0.286
2022 08 21 23 44 15     2       -0.108
2022 08 21 23 44 00     2       0.092
2022 08 21 23 43 45     2       0.22
2022 08 21 23 43 30     2       0.369
2022 08 21 23 43 15     2       0.497
2022 08 21 23 43 00     2       0.646
2022 08 21 23 42 45     2       0.649
2022 08 21 23 42 30     2       0.673
2022 08 21 23 42 15     2       0.676
2022 08 21 23 42 00     2       0.7
2022 08 21 23 41 45     2       0.702
2022 08 21 23 41 30     2       0.727
2022 08 21 23 41 15     2       0.729
2022 08 21 23 41 00     2       0.753
2022 08 21 23 40 45     2       0.755
2022 08 21 23 40 30     2       0.779
2022 08 21 23 40 15     2       0.781
2022 08 21 23 40 00     2       0.805
2022 08 21 23 39 45     2       0.757
2022 08 21 23 39 30     2       0.731
2022 08 21 23 39 15     2       0.683
2022 08 21 23 39 00     2       0.657
2022 08 21 23 38 45     2       0.534
2022 08 21 23 38 30     2       0.432
2022 08 21 23 38 15     2       0.309
2022 08 21 23 38 00     2       0.208
2022 08 21 23 37 45     2       0.184
2022 08 21 23 37 30     2       0.183
2022 08 21 23 37 15     2       0.159
2022 08 21 23 37 00     2       0.158
2022 08 21 23 36 45     2       0.309
2022 08 21 23 36 30     2       0.482
2022 08 21 23 36 15     2       0.634
2022 08 21 23 36 00     2       0.807
2022 08 21 23 35 45     2       0.958
2022 08 21 23 35 30     2       1.131
2022 08 21 23 35 15     2       1.282
2022 08 21 23 35 00     2       1.455
2022 08 21 23 34 45     2       1.481
2022 08 21 23 34 30     2       1.529
2022 08 21 23 34 15     2       1.555
2022 08 21 23 34 00     2       1.602
2022 08 21 23 33 45     2       1.578
2022 08 21 23 33 30     2       1.576
2022 08 21 23 33 15     2       1.552
2022 08 21 23 33 00     2       1.549
2022 08 21 23 32 45     2       1.525
2022 08 21 23 32 30     2       1.522
2022 08 21 23 32 15     2       1.497
2022 08 21 23 32 00     2       1.495
2022 08 21 23 31 45     2       1.445
2022 08 21 23 31 30     2       1.417
2022 08 21 23 31 15     2       1.367
2022 08 21 23 31 00     2       1.339
2022 08 21 23 30 45     2       1.215
2022 08 21 23 30 30     2       1.111
2022 08 21 23 30 15     2       0.986
2022 08 21 23 30 00     2       0.883
2022 08 21 23 29 45     2       0.833
2022 08 21 23 29 30     2       0.805
2022 08 21 23 29 15     2       0.754
2022 08 21 23 29 00     2       0.726
2022 08 21 23 28 45     2       0.826
2022 08 21 23 28 30     2       0.947
2022 08 21 23 28 15     2       1.047
2022 08 21 23 28 00     2       1.168
2022 08 21 23 27 45     2       1.217
2022 08 21 23 27 30     2       1.288
2022 08 21 23 27 15     2       1.338
2022 08 21 23 27 00     2       1.409
2022 08 21 23 26 45     2       1.283
2022 08 21 23 26 30     2       1.179
2022 08 21 23 26 15     2       1.053
2022 08 21 23 26 00     2       0.948
2022 08 21 23 25 45     2       0.847
2022 08 21 23 25 30     2       0.768
2022 08 21 23 25 15     2       0.667
2022 08 21 23 25 00     2       0.587
2022 08 21 23 24 45     2       0.686
2022 08 21 23 24 30     2       0.806
2022 08 21 23 24 15     2       0.905
2022 08 21 23 24 00     2       1.025
2022 08 21 23 23 15     3       0.973
2022 08 21 23 23 00     3       0.643
2022 08 21 23 22 45     3       0.592
2022 08 21 23 22 30     3       0.561
2022 08 21 23 22 15     3       0.51
2022 08 21 23 22 00     3       0.579
2022 08 21 23 21 45     3       0.727
2022 08 21 23 21 30     3       0.797
2022 08 21 23 21 15     3       0.945
2022 08 21 23 21 00     3       1.014
2022 08 21 23 20 45     3       1.162
2022 08 21 23 20 30     3       1.231
2022 08 21 23 20 15     3       0.779
2022 08 21 23 20 00     3       0.448
2022 08 21 23 19 45     3       4.396
2022 08 21 23 19 30     3       4.565
2022 08 21 23 19 00     2       4.612
2022 08 21 23 18 45     2       4.706
2022 08 21 23 18 30     2       4.778
2022 08 21 23 18 15     2       4.872
2022 08 21 23 18 00     2       4.944
2022 08 21 23 17 45     2       5.013
2022 08 21 23 17 30     2       5.059
2022 08 21 23 17 15     2       5.128
2022 08 21 23 17 00     2       5.175
2022 08 21 23 16 45     2       5.218
2022 08 21 23 16 30     2       5.24
2022 08 21 23 16 15     2       5.283
2022 08 21 23 16 00     2       5.304
2022 08 21 23 15 45     2       5.297
2022 08 21 23 15 30     2       5.269
2022 08 21 23 15 15     2       5.262
2022 08 21 23 15 00     2       5.233
2022 08 21 23 14 45     2       5.276
2022 08 21 23 14 30     2       5.297
2022 08 21 23 14 15     2       5.339
2022 08 21 23 14 00     2       5.36
2022 08 21 23 13 45     2       5.353
2022 08 21 23 13 30     2       5.323
2022 08 21 23 13 15     2       5.316
2022 08 21 23 13 00     2       5.286
2022 08 21 23 12 45     2       5.278
2022 08 21 23 12 30     2       5.249
2022 08 21 23 12 15     2       5.241
2022 08 21 23 12 00     2       5.211
2022 08 21 23 11 45     2       5.203
2022 08 21 23 11 30     2       5.173
2022 08 21 23 11 15     2       5.165
2022 08 21 23 11 00     2       5.135
2022 08 21 23 10 45     2       5.101
2022 08 21 23 10 30     2       5.046
2022 08 21 23 10 15     2       5.013
2022 08 21 23 10 00     2       4.957
2022 08 21 23 09 45     2       4.899
2022 08 21 23 09 30     2       4.818
2022 08 21 23 09 15     2       4.759
2022 08 21 23 09 00     2       4.679
2022 08 21 23 08 45     2       4.645
2022 08 21 23 08 30     2       4.589
2022 08 21 23 08 15     2       4.555
2022 08 21 23 08 00     2       4.499
2022 08 21 23 07 45     2       4.54
2022 08 21 23 07 30     2       4.558
2022 08 21 23 07 15     2       4.599
2022 08 21 23 07 00     2       4.618
2022 08 21 23 06 45     2       4.533
2022 08 21 23 06 30     2       4.427
2022 08 21 23 06 15     2       4.342
2022 08 21 23 06 00     2       4.236
2022 08 21 23 05 45     2       3.676
2022 08 21 23 05 30     2       3.094
2022 08 21 23 05 15     2       2.534
2022 08 21 23 05 00     2       1.952
2022 08 21 23 04 45     2       2.092
2022 08 21 23 04 30     2       2.21
2022 08 21 23 04 15     2       2.349
2022 08 21 23 04 00     2       2.467
2022 08 21 23 03 45     2       2.407
2022 08 21 23 03 30     2       2.325
2022 08 21 23 03 15     2       2.264
2022 08 21 23 03 00     2       2.181
2022 08 21 23 02 45     2       2.121
2022 08 21 23 02 30     2       2.038
2022 08 21 23 02 15     2       1.977
2022 08 21 23 02 00     2       1.894
2022 08 21 23 01 45     2       1.983
2022 08 21 23 01 30     2       2.05
2022 08 21 23 01 15     2       2.139
2022 08 21 23 01 00     2       2.206
2022 08 21 23 00 45     2       2.17
2022 08 21 23 00 30     2       2.111
2022 08 21 23 00 15     2       2.075
2022 08 21 23 00 00     2       2.017
2022 08 21 22 59 45     2       1.98
2022 08 21 22 59 30     2       1.921
2022 08 21 22 59 15     2       1.885
2022 08 21 22 59 00     2       1.826
2022 08 21 22 58 45     2       1.739
2022 08 21 22 58 30     2       1.63
2022 08 21 22 58 15     2       1.543
2022 08 21 22 58 00     2       1.434
2022 08 21 22 57 45     2       1.422
2022 08 21 22 57 30     2       1.388
2022 08 21 22 57 15     2       1.375
2022 08 21 22 57 00     2       1.341
2022 08 21 22 56 45     2       1.303
2022 08 21 22 56 30     2       1.244
2022 08 21 22 56 15     2       1.206
2022 08 21 22 56 00     2       1.147
2022 08 21 22 55 45     2       1.159
2022 08 21 22 55 30     2       1.149
2022 08 21 22 55 15     2       1.161
2022 08 21 22 55 00     2       1.151
2022 08 21 22 54 45     2       1.188
2022 08 21 22 54 30     2       1.203
2022 08 21 22 54 15     2       1.24
2022 08 21 22 54 00     2       1.255
2022 08 21 22 53 45     2       1.267
2022 08 21 22 53 30     2       1.256
2022 08 21 22 53 15     2       1.268
2022 08 21 22 53 00     2       1.257
2022 08 21 22 52 45     2       1.269
2022 08 21 22 52 30     2       1.258
2022 08 21 22 52 15     2       1.269
2022 08 21 22 52 00     2       1.259
2022 08 21 22 51 45     2       1.27
2022 08 21 22 51 30     2       1.259
2022 08 21 22 51 15     2       1.27
2022 08 21 22 51 00     2       1.259
2022 08 21 22 50 45     2       1.27
2022 08 21 22 50 30     2       1.259
2022 08 21 22 50 15     2       1.269
2022 08 21 22 50 00     2       1.258
2022 08 21 22 49 45     2       1.268
2022 08 21 22 49 30     2       1.257
2022 08 21 22 49 15     2       1.267
2022 08 21 22 49 00     2       1.256
2022 08 21 22 48 45     2       1.291
2022 08 21 22 48 30     2       1.305
2022 08 21 22 48 15     2       1.34
2022 08 21 22 48 00     2       1.353
2022 08 21 22 47 45     2       1.363
2022 08 21 22 47 30     2       1.351
2022 08 21 22 47 15     2       1.361
2022 08 21 22 47 00     2       1.349
2022 08 21 22 46 45     2       1.359
2022 08 21 22 46 30     2       1.347
2022 08 21 22 46 15     2       1.356
2022 08 21 22 46 00     2       1.344
2022 08 21 22 45 45     2       1.328
2022 08 21 22 45 30     2       1.291
2022 08 21 22 45 15     2       1.275
2022 08 21 22 45 00     2       1.238
2022 08 21 22 44 45     2       1.247
2022 08 21 22 44 30     2       1.235
2022 08 21 22 44 15     2       1.244
2022 08 21 22 44 00     2       1.231
2022 08 21 22 43 45     2       1.265
2022 08 21 22 43 30     2       1.277
2022 08 21 22 43 15     2       1.311
2022 08 21 22 43 00     2       1.323
2022 08 21 22 42 45     2       1.332
2022 08 21 22 42 30     2       1.319
2022 08 21 22 42 15     2       1.327
2022 08 21 22 42 00     2       1.314
2022 08 21 22 41 45     2       1.298
2022 08 21 22 41 30     2       1.26
2022 08 21 22 41 15     2       1.243
2022 08 21 22 41 00     2       1.205
2022 08 21 22 40 45     2       1.213
2022 08 21 22 40 30     2       1.2
2022 08 21 22 40 15     2       1.208
2022 08 21 22 40 00     2       1.194
2022 08 21 22 39 45     2       1.177
2022 08 21 22 39 30     2       1.139
2022 08 21 22 39 15     2       1.122
2022 08 21 22 39 00     2       1.083
2022 08 21 22 38 45     2       1.091
2022 08 21 22 38 30     2       1.077
2022 08 21 22 38 15     2       1.085
2022 08 21 22 38 00     2       1.071
2022 08 21 22 37 45     2       1.053
2022 08 21 22 37 30     2       1.014
2022 08 21 22 37 15     2       0.997
2022 08 21 22 37 00     2       0.958
2022 08 21 22 36 45     2       0.94
2022 08 21 22 36 30     2       0.901
2022 08 21 22 36 15     2       0.884
2022 08 21 22 36 00     2       0.844
2022 08 21 22 35 45     2       0.777
2022 08 21 22 35 30     2       0.687
2022 08 21 22 35 15     2       0.619
2022 08 21 22 35 00     2       0.53
2022 08 21 22 34 45     2       0.462
2022 08 21 22 34 30     2       0.373
2022 08 21 22 34 15     2       0.305
2022 08 21 22 34 00     2       0.215
2022 08 21 22 33 45     2       0.197
2022 08 21 22 33 30     2       0.157
2022 08 21 22 33 15     2       0.139
2022 08 21 22 33 00     2       0.1
2022 08 21 22 32 45     2       0.131
2022 08 21 22 32 30     2       0.142
2022 08 21 22 32 15     2       0.173
2022 08 21 22 32 00     2       0.183
2022 08 21 22 31 45     2       0.315
2022 08 21 22 31 30     2       0.425
2022 08 21 22 31 15     2       0.557
2022 08 21 22 31 00     2       0.667
2022 08 21 22 30 45     2       0.723
2022 08 21 22 30 30     2       0.758
2022 08 21 22 30 15     2       0.815
2022 08 21 22 30 00     2       0.85
2022 08 21 22 29 45     2       0.881
2022 08 21 22 29 30     2       0.891
2022 08 21 22 29 15     2       0.922
2022 08 21 22 29 00     2       0.932
2022 08 21 22 28 45     2       0.989
2022 08 21 22 28 30     2       1.023
2022 08 21 22 28 15     2       1.08
2022 08 21 22 28 00     2       1.114
2022 08 21 22 27 45     2       1.145
2022 08 21 22 27 30     2       1.155
2022 08 21 22 27 15     2       1.186
2022 08 21 22 27 00     2       1.196
2022 08 21 22 26 45     2       1.227
2022 08 21 22 26 30     2       1.237
2022 08 21 22 26 15     2       1.268
2022 08 21 22 26 00     2       1.277
2022 08 21 22 25 45     2       1.308
2022 08 21 22 25 30     2       1.318
2022 08 21 22 25 15     2       1.349
2022 08 21 22 25 00     2       1.358
2022 08 21 22 24 45     2       1.364
2022 08 21 22 24 30     2       1.349
2022 08 21 22 24 15     2       1.355
2022 08 21 22 24 00     2       1.339
2022 08 21 22 23 45     2       1.32
2022 08 21 22 23 30     2       1.279
2022 08 21 22 23 15     2       1.261
2022 08 21 22 23 00     2       1.22
2022 08 21 22 22 45     2       1.251
2022 08 21 22 22 30     2       1.26
2022 08 21 22 22 15     2       1.291
2022 08 21 22 22 00     2       1.3
2022 08 21 22 21 45     2       1.306
2022 08 21 22 21 30     2       1.291
2022 08 21 22 21 15     2       1.297
2022 08 21 22 21 00     2       1.281
2022 08 21 22 20 45     2       1.287
2022 08 21 22 20 30     2       1.271
2022 08 21 22 20 15     2       1.277
2022 08 21 22 20 00     2       1.261
2022 08 21 22 19 45     2       1.242
2022 08 21 22 19 30     2       1.202
2022 08 21 22 19 15     2       1.183
2022 08 21 22 19 00     2       1.142
2022 08 21 22 18 45     2       1.148
2022 08 21 22 18 30     2       1.132
2022 08 21 22 18 15     2       1.138
2022 08 21 22 18 00     2       1.123
2022 08 21 22 17 45     2       1.104
2022 08 21 22 17 30     2       1.063
2022 08 21 22 17 15     2       1.044
2022 08 21 22 17 00     2       1.003
2022 08 21 22 16 45     2       1.009
2022 08 21 22 16 30     2       0.994
2022 08 21 22 16 15     2       1.0
2022 08 21 22 16 00     2       0.984
2022 08 21 22 15 45     2       0.965
2022 08 21 22 15 30     2       0.925
2022 08 21 22 15 15     2       0.906
2022 08 21 22 15 00     2       0.865
2022 08 21 22 14 45     2       0.847
2022 08 21 22 14 30     2       0.806
2022 08 21 22 14 15     2       0.787
2022 08 21 22 14 00     2       0.747
2022 08 21 22 13 45     2       0.753
2022 08 21 22 13 30     2       0.738
2022 08 21 22 13 15     2       0.744
2022 08 21 22 13 00     2       0.729
2022 08 21 22 12 45     2       0.71
2022 08 21 22 12 30     2       0.67
2022 08 21 22 12 15     2       0.652
2022 08 21 22 12 00     2       0.611
2022 08 21 22 11 45     2       0.593
2022 08 21 22 11 30     2       0.553
2022 08 21 22 11 15     2       0.534
2022 08 21 22 11 00     2       0.494
2022 08 21 22 10 45     2       0.476
2022 08 21 22 10 30     2       0.436
2022 08 21 22 10 15     2       0.418
2022 08 21 22 10 00     2       0.378
2022 08 21 22 09 45     2       0.284
2022 08 21 22 09 30     2       0.17
2022 08 21 22 09 15     2       0.076
2022 08 21 22 09 00     2       -0.038
2022 08 21 22 08 45     2       -0.106
2022 08 21 22 08 30     2       -0.196
2022 08 21 22 08 15     2       -0.264
2022 08 21 22 08 00     2       -0.354
2022 08 21 22 07 45     2       -0.271
2022 08 21 22 07 30     2       -0.211
2022 08 21 22 07 15     2       -0.129
2022 08 21 22 07 00     2       -0.068
2022 08 21 22 06 45     2       -0.136
2022 08 21 22 06 30     2       -0.225
2022 08 21 22 06 15     2       -0.293
2022 08 21 22 06 00     2       -0.382
2022 08 21 22 05 45     2       -0.424
2022 08 21 22 05 30     2       -0.488
2022 08 21 22 05 15     2       -0.531
2022 08 21 22 05 00     2       -0.595
2022 08 21 22 04 45     2       -0.512
2022 08 21 22 04 30     2       -0.451
2022 08 21 22 04 15     2       -0.368
2022 08 21 22 04 00     2       -0.306
2022 08 21 22 03 45     2       -0.398
2022 08 21 22 03 30     2       -0.512
2022 08 21 22 03 15     2       -0.604
2022 08 21 22 03 00     2       -0.717
2022 08 21 22 02 45     2       -0.759
2022 08 21 22 02 30     2       -0.822
2022 08 21 22 02 15     2       -0.864
2022 08 21 22 02 00     2       -0.927
2022 08 21 22 01 45     2       -0.818
2022 08 21 22 01 30     2       -0.731
2022 08 21 22 01 15     2       -0.623
2022 08 21 22 01 00     2       -0.535
2022 08 21 22 00 45     2       -0.551
2022 08 21 22 00 30     2       -0.589
2022 08 21 22 00 15     2       -0.605
2022 08 21 22 00 00     2       -0.643
2022 08 21 21 56 15     2       -0.283
2022 08 21 21 52 30     2       0.054
2022 08 21 21 48 45     2       0.414
