
2022 08 22 10 45 00 1 5658.909
2022 08 22 10 30 00 1 5658.886
2022 08 22 10 15 00 1 5658.864
2022 08 22 10 00 00 1 5658.836
2022 08 22 09 45 00 1 5658.811
2022 08 22 09 30 00 1 5658.794
2022 08 22 09 15 00 1 5658.767
2022 08 22 09 00 00 1 5658.742
2022 08 22 08 45 00 1 5658.721
2022 08 22 08 30 00 1 5658.699
2022 08 22 08 15 00 1 5658.671
2022 08 22 08 00 00 1 5658.651
2022 08 22 07 45 00 1 5658.629
2022 08 22 07 30 00 1 5658.608
2022 08 22 07 15 00 1 5658.587
2022 08 22 07 00 00 1 5658.567
2022 08 22 06 45 00 1 5658.549
2022 08 22 06 30 00 1 5658.536
2022 08 22 06 15 00 1 5658.524
2022 08 22 06 00 00 1 5658.511
2022 08 22 05 45 00 1 5658.504
2022 08 22 05 30 00 1 5658.498
2022 08 22 05 15 00 1 5658.498
2022 08 22 05 00 00 1 5658.501
2022 08 22 04 45 00 1 5658.508
2022 08 22 04 30 00 1 5658.517
2022 08 22 04 15 00 1 5658.529
2022 08 22 04 00 00 1 5658.546
2022 08 22 03 45 00 1 5658.564
2022 08 22 03 30 00 1 5658.588
2022 08 22 03 15 00 1 5658.614
2022 08 22 03 00 00 1 9999.000
2022 08 22 02 59 00 2 5658.645
2022 08 22 02 58 00 2 5658.647
2022 08 22 02 57 00 2 5658.649
2022 08 22 02 56 00 2 5658.652
2022 08 22 02 55 00 2 5658.654
2022 08 22 02 54 00 2 5658.657
2022 08 22 02 53 00 2 5658.659
2022 08 22 02 52 00 2 5658.662
2022 08 22 02 51 00 2 5658.664
2022 08 22 02 50 00 2 5658.667
2022 08 22 02 49 00 2 5658.669
2022 08 22 02 48 00 2 5658.671
2022 08 22 02 47 00 2 5658.674
2022 08 22 02 46 00 2 5658.676
2022 08 22 02 45 00 2 5658.678
2022 08 22 02 45 00 1 9999.000
2022 08 22 02 44 00 2 5658.681
2022 08 22 02 43 00 2 5658.683
2022 08 22 02 42 00 2 5658.685
2022 08 22 02 41 00 2 5658.688
2022 08 22 02 40 00 2 5658.690
2022 08 22 02 39 00 2 5658.693
2022 08 22 02 38 00 2 5658.695
2022 08 22 02 37 00 2 5658.697
2022 08 22 02 36 00 2 5658.699
2022 08 22 02 35 00 2 5658.701
2022 08 22 02 34 00 2 5658.704
2022 08 22 02 33 00 2 5658.706
2022 08 22 02 32 00 2 5658.708
2022 08 22 02 31 00 2 5658.710
2022 08 22 02 30 00 2 5658.713
2022 08 22 02 30 00 1 9999.000
2022 08 22 02 29 00 2 5658.714
2022 08 22 02 28 00 2 5658.714
2022 08 22 02 27 00 2 5658.713
2022 08 22 02 26 00 2 5658.709
2022 08 22 02 25 00 2 5658.712
2022 08 22 02 24 00 2 5658.720
2022 08 22 02 23 00 2 5658.725
2022 08 22 02 22 00 2 5658.726
2022 08 22 02 21 00 2 5658.726
2022 08 22 02 20 00 2 5658.725
2022 08 22 02 19 00 2 5658.720
2022 08 22 02 18 00 2 5658.702
2022 08 22 02 17 00 2 5658.713
2022 08 22 02 16 00 2 5658.716
2022 08 22 02 15 00 2 5658.718
2022 08 22 02 15 00 1 9999.000
2022 08 22 02 14 00 2 5658.721
2022 08 22 02 13 00 2 5658.724
2022 08 22 02 12 00 2 5658.726
2022 08 22 02 11 00 2 5658.725
2022 08 22 02 10 00 2 5658.722
2022 08 22 02 09 00 2 5658.723
2022 08 22 02 08 00 2 5658.731
2022 08 22 02 07 00 2 5658.739
2022 08 22 02 06 00 2 5658.739
2022 08 22 02 05 00 2 5658.740
2022 08 22 02 04 00 2 5658.748
2022 08 22 02 03 00 2 5658.748
2022 08 22 02 02 00 2 5658.750
2022 08 22 02 01 00 2 5658.758
2022 08 22 02 00 00 2 5658.761
2022 08 22 02 00 00 1 9999.000
2022 08 22 01 59 15 2 5658.764
2022 08 22 01 59 00 2 5658.764
2022 08 22 01 58 15 2 5658.767
2022 08 22 01 58 00 2 5658.767
2022 08 22 01 57 15 2 5658.769
2022 08 22 01 57 00 2 5658.769
2022 08 22 01 56 15 2 5658.771
2022 08 22 01 56 00 2 5658.771
2022 08 22 01 55 15 2 5658.771
2022 08 22 01 55 00 2 5658.771
2022 08 22 01 54 15 2 5658.768
2022 08 22 01 54 00 2 5658.768
2022 08 22 01 53 15 2 5658.771
2022 08 22 01 53 00 2 5658.771
2022 08 22 01 52 15 2 5658.781
2022 08 22 01 52 00 2 5658.781
2022 08 22 01 51 15 2 5658.787
2022 08 22 01 51 00 2 5658.787
2022 08 22 01 50 15 2 5658.791
2022 08 22 01 50 00 2 5658.791
2022 08 22 01 49 15 2 5658.794
2022 08 22 01 49 00 2 5658.794
2022 08 22 01 48 15 2 5658.797
2022 08 22 01 48 00 2 5658.797
2022 08 22 01 47 15 2 5658.800
2022 08 22 01 47 00 2 5658.800
2022 08 22 01 46 15 2 5658.803
2022 08 22 01 46 00 2 5658.803
2022 08 22 01 45 15 2 5658.806
2022 08 22 01 45 00 2 5658.806
2022 08 22 01 45 00 1 9999.000
2022 08 22 01 44 15 2 5658.809
2022 08 22 01 44 00 2 5658.809
2022 08 22 01 43 15 2 5658.812
2022 08 22 01 43 00 2 5658.812
2022 08 22 01 42 15 2 5658.816
2022 08 22 01 42 00 2 5658.816
2022 08 22 01 41 15 2 5658.818
2022 08 22 01 41 00 2 5658.818
2022 08 22 01 40 15 2 5658.821
2022 08 22 01 40 00 2 5658.821
2022 08 22 01 39 15 2 5658.820
2022 08 22 01 39 00 2 5658.820
2022 08 22 01 38 15 2 5658.818
2022 08 22 01 38 00 2 5658.818
2022 08 22 01 37 15 2 5658.820
2022 08 22 01 37 00 2 5658.820
2022 08 22 01 36 15 2 5658.831
2022 08 22 01 36 00 2 5658.831
2022 08 22 01 35 15 2 5658.838
2022 08 22 01 35 00 2 5658.838
2022 08 22 01 34 15 2 5658.842
2022 08 22 01 34 00 2 5658.842
2022 08 22 01 33 15 2 5658.845
2022 08 22 01 33 00 2 5658.845
2022 08 22 01 32 15 2 5658.849
2022 08 22 01 32 00 2 5658.849
2022 08 22 01 31 15 2 5658.851
2022 08 22 01 31 00 2 5658.851
2022 08 22 01 30 15 2 5658.856
2022 08 22 01 30 00 2 5658.856
2022 08 22 01 30 00 1 9999.000
2022 08 22 01 29 15 2 5658.859
2022 08 22 01 29 00 2 5658.859
2022 08 22 01 28 15 2 5658.863
2022 08 22 01 28 00 2 5658.863
2022 08 22 01 27 15 2 5658.865
2022 08 22 01 27 00 2 5658.865
2022 08 22 01 26 15 2 5658.868
2022 08 22 01 26 00 2 5658.868
2022 08 22 01 25 15 2 5658.870
2022 08 22 01 25 00 2 5658.870
2022 08 22 01 24 15 2 5658.872
2022 08 22 01 24 00 2 5658.872
2022 08 22 01 23 15 2 5658.872
2022 08 22 01 23 00 2 5658.872
2022 08 22 01 22 15 2 5658.869
2022 08 22 01 22 00 2 5658.869
2022 08 22 01 21 15 2 5658.872
2022 08 22 01 21 00 2 5658.872
2022 08 22 01 20 15 2 5658.881
2022 08 22 01 20 00 2 5658.881
2022 08 22 01 19 15 2 5658.888
2022 08 22 01 19 00 2 5658.888
2022 08 22 01 18 15 2 5658.891
2022 08 22 01 18 00 2 5658.891
2022 08 22 01 17 15 2 5658.893
2022 08 22 01 17 00 2 5658.893
2022 08 22 01 16 15 2 5658.897
2022 08 22 01 16 00 2 5658.897
2022 08 22 01 15 15 2 5658.900
2022 08 22 01 15 00 2 5658.900
2022 08 22 01 15 00 1 9999.000
2022 08 22 01 14 15 2 5658.903
2022 08 22 01 14 00 2 5658.903
2022 08 22 01 13 15 2 5658.906
2022 08 22 01 13 00 2 5658.906
2022 08 22 01 12 15 2 5658.908
2022 08 22 01 12 00 2 5658.908
2022 08 22 01 11 15 2 5658.911
2022 08 22 01 11 00 2 5658.911
2022 08 22 01 10 15 2 5658.912
2022 08 22 01 10 00 2 5658.912
2022 08 22 01 09 15 2 5658.912
2022 08 22 01 09 00 2 5658.912
2022 08 22 01 08 15 2 5658.913
2022 08 22 01 08 00 2 5658.913
2022 08 22 01 07 15 2 5658.918
2022 08 22 01 07 00 2 5658.918
2022 08 22 01 06 15 2 5658.916
2022 08 22 01 06 00 2 5658.916
2022 08 22 01 05 15 2 5658.918
2022 08 22 01 05 00 2 5658.918
2022 08 22 01 04 15 2 5658.926
2022 08 22 01 04 00 2 5658.926
2022 08 22 01 03 15 2 5658.930
2022 08 22 01 03 00 2 5658.930
2022 08 22 01 02 15 2 5658.932
2022 08 22 01 02 00 2 5658.932
2022 08 22 01 01 15 2 5658.940
2022 08 22 01 01 00 2 5658.940
2022 08 22 01 00 15 2 5658.943
2022 08 22 01 00 00 2 5658.943
2022 08 22 01 00 00 1 9999.000
2022 08 22 00 59 15 2 5658.946
2022 08 22 00 59 00 2 5658.946
2022 08 22 00 58 15 2 5658.950
2022 08 22 00 58 00 2 5658.950
2022 08 22 00 57 15 2 5658.953
2022 08 22 00 57 00 2 5658.953
2022 08 22 00 56 15 2 5658.956
2022 08 22 00 56 00 2 5658.956
2022 08 22 00 55 15 2 5658.959
2022 08 22 00 55 00 2 5658.959
2022 08 22 00 54 15 2 5658.962
2022 08 22 00 54 00 2 5658.962
2022 08 22 00 53 15 2 5658.964
2022 08 22 00 53 00 2 5658.964
2022 08 22 00 52 15 2 5658.966
2022 08 22 00 52 00 2 5658.966
2022 08 22 00 51 15 2 5658.966
2022 08 22 00 51 00 2 5658.966
2022 08 22 00 50 15 2 5658.964
2022 08 22 00 50 00 2 5658.964
2022 08 22 00 49 15 2 5658.967
2022 08 22 00 49 00 2 5658.967
2022 08 22 00 48 15 2 5658.976
2022 08 22 00 48 00 2 5658.976
2022 08 22 00 47 15 2 5658.983
2022 08 22 00 47 00 2 5658.983
2022 08 22 00 46 15 2 5658.986
2022 08 22 00 46 00 2 5658.986
2022 08 22 00 45 15 2 5658.989
2022 08 22 00 45 00 2 5658.989
2022 08 22 00 45 00 1 9999.000
2022 08 22 00 44 15 2 5658.991
2022 08 22 00 44 00 2 5658.991
2022 08 22 00 43 15 2 5658.995
2022 08 22 00 43 00 2 5658.995
2022 08 22 00 42 15 2 5658.998
2022 08 22 00 42 00 2 5658.998
2022 08 22 00 41 15 2 5659.001
2022 08 22 00 41 00 2 5659.001
2022 08 22 00 40 15 2 5659.003
2022 08 22 00 40 00 2 5659.003
2022 08 22 00 39 15 2 5659.007
2022 08 22 00 39 00 2 5659.007
2022 08 22 00 38 15 2 5659.009
2022 08 22 00 38 00 2 5659.009
2022 08 22 00 37 15 2 5659.012
2022 08 22 00 37 00 2 5659.012
2022 08 22 00 36 15 2 5659.014
2022 08 22 00 36 00 2 5659.014
2022 08 22 00 35 15 2 5659.014
2022 08 22 00 35 00 2 5659.014
2022 08 22 00 34 15 2 5659.011
2022 08 22 00 34 00 2 5659.011
2022 08 22 00 33 15 2 5659.014
2022 08 22 00 33 00 2 5659.014
2022 08 22 00 32 15 2 5659.022
2022 08 22 00 32 00 2 5659.022
2022 08 22 00 31 15 2 5659.030
2022 08 22 00 31 00 2 5659.030
2022 08 22 00 30 15 2 5659.033
2022 08 22 00 30 00 2 5659.033
2022 08 22 00 30 00 1 9999.000
2022 08 22 00 29 15 2 5659.036
2022 08 22 00 29 00 2 5659.036
2022 08 22 00 28 15 2 5659.038
2022 08 22 00 28 00 2 5659.038
2022 08 22 00 27 15 2 5659.038
2022 08 22 00 27 00 2 5659.038
2022 08 22 00 26 15 2 5659.036
2022 08 22 00 26 00 2 5659.036
2022 08 22 00 25 15 2 5659.037
2022 08 22 00 25 00 2 5659.037
2022 08 22 00 24 15 2 5659.046
2022 08 22 00 24 00 2 5659.046
2022 08 22 00 23 15 2 5659.053
2022 08 22 00 23 00 2 5659.053
2022 08 22 00 22 15 2 5659.055
2022 08 22 00 22 00 2 5659.055
2022 08 22 00 21 15 2 5659.058
2022 08 22 00 21 00 2 5659.058
2022 08 22 00 20 15 2 5659.060
2022 08 22 00 20 00 2 5659.060
2022 08 22 00 19 15 2 5659.059
2022 08 22 00 19 00 2 5659.059
2022 08 22 00 18 15 2 5659.057
2022 08 22 00 18 00 2 5659.057
2022 08 22 00 17 15 2 5659.058
2022 08 22 00 17 00 2 5659.058
2022 08 22 00 16 15 2 5659.067
2022 08 22 00 16 00 2 5659.067
2022 08 22 00 15 15 2 5659.075
2022 08 22 00 15 00 2 5659.075
2022 08 22 00 15 00 1 9999.000
2022 08 22 00 14 15 2 5659.077
2022 08 22 00 14 00 2 5659.077
2022 08 22 00 13 15 2 5659.079
2022 08 22 00 13 00 2 5659.079
2022 08 22 00 12 15 2 5659.080
2022 08 22 00 12 00 2 5659.080
2022 08 22 00 11 15 2 5659.080
2022 08 22 00 11 00 2 5659.080
2022 08 22 00 10 15 2 5659.076
2022 08 22 00 10 00 2 5659.076
2022 08 22 00 09 15 2 5659.078
2022 08 22 00 09 00 2 5659.078
2022 08 22 00 08 15 2 5659.085
2022 08 22 00 08 00 2 5659.085
2022 08 22 00 07 15 2 5659.092
2022 08 22 00 07 00 2 5659.092
2022 08 22 00 06 15 2 5659.091
2022 08 22 00 06 00 2 5659.091
2022 08 22 00 05 15 2 5659.091
2022 08 22 00 05 00 2 5659.091
2022 08 22 00 04 15 2 5659.097
2022 08 22 00 04 00 2 5659.097
2022 08 22 00 03 15 2 5659.096
2022 08 22 00 03 00 2 5659.096
2022 08 22 00 02 15 2 5659.093
2022 08 22 00 02 00 2 5659.093
2022 08 22 00 01 15 2 5659.097
2022 08 22 00 01 00 2 5659.097
2022 08 22 00 00 15 2 5659.106
2022 08 22 00 00 00 2 5659.106
2022 08 22 00 00 00 1 9999.000
2022 08 21 23 59 00 2 5659.113
2022 08 21 23 58 00 2 5659.116
2022 08 21 23 57 00 2 5659.119
2022 08 21 23 56 00 2 5659.121
2022 08 21 23 55 00 2 5659.120
2022 08 21 23 54 00 2 5659.118
2022 08 21 23 53 00 2 5659.118
2022 08 21 23 52 00 2 5659.127
2022 08 21 23 51 00 2 5659.134
2022 08 21 23 50 00 2 5659.137
2022 08 21 23 49 00 2 5659.139
2022 08 21 23 48 00 2 5659.141
2022 08 21 23 47 00 2 5659.141
2022 08 21 23 46 00 2 5659.137
2022 08 21 23 45 00 2 5659.139
2022 08 21 23 45 00 1 9999.000
2022 08 21 23 44 00 2 5659.148
2022 08 21 23 43 00 2 5659.155
2022 08 21 23 42 00 2 5659.157
2022 08 21 23 41 00 2 5659.159
2022 08 21 23 40 00 2 5659.161
2022 08 21 23 39 00 2 5659.161
2022 08 21 23 38 00 2 5659.158
2022 08 21 23 37 00 2 5659.159
2022 08 21 23 36 00 2 5659.167
2022 08 21 23 35 00 2 5659.175
2022 08 21 23 34 00 2 5659.178
2022 08 21 23 33 00 2 5659.179
2022 08 21 23 32 00 2 5659.180
2022 08 21 23 31 00 2 5659.180
2022 08 21 23 30 00 2 5659.177
2022 08 21 23 30 00 1 9999.000
2022 08 21 23 29 00 2 5659.177
2022 08 21 23 28 00 2 5659.183
2022 08 21 23 27 00 2 5659.187
2022 08 21 23 26 00 2 5659.184
2022 08 21 23 25 00 2 5659.182
2022 08 21 23 24 00 2 5659.188
2022 08 21 23 23 15 3 5659.188
2022 08 21 23 23 00 3 5659.185
2022 08 21 23 23 00 2 5659.188
2022 08 21 23 22 45 3 5659.185
2022 08 21 23 22 30 3 5659.185
2022 08 21 23 22 15 3 5659.185
2022 08 21 23 22 00 3 5659.186
2022 08 21 23 22 00 2 5659.185
2022 08 21 23 21 45 3 5659.188
2022 08 21 23 21 30 3 5659.189
2022 08 21 23 21 15 3 5659.191
2022 08 21 23 21 00 3 5659.192
2022 08 21 23 21 00 2 5659.190
2022 08 21 23 20 45 3 5659.194
2022 08 21 23 20 30 3 5659.195
2022 08 21 23 20 15 3 5659.191
2022 08 21 23 20 00 3 5659.188
2022 08 21 23 20 00 2 5659.192
2022 08 21 23 19 45 3 5659.228
2022 08 21 23 19 30 3 5659.230
2022 08 21 23 19 00 2 5659.231
2022 08 21 23 18 00 2 5659.236
2022 08 21 23 17 00 2 5659.240
2022 08 21 23 16 00 2 5659.243
2022 08 21 23 15 00 2 5659.244
2022 08 21 23 15 00 1 9999.000
2022 08 21 23 14 00 2 5659.247
2022 08 21 23 13 00 2 5659.248
2022 08 21 23 12 00 2 5659.249
2022 08 21 23 11 00 2 5659.250
2022 08 21 23 10 00 2 5659.250
2022 08 21 23 09 00 2 5659.249
2022 08 21 23 08 00 2 5659.249
2022 08 21 23 07 00 2 5659.252
2022 08 21 23 06 00 2 5659.250
2022 08 21 23 05 00 2 5659.229
2022 08 21 23 04 00 2 5659.236
2022 08 21 23 03 00 2 5659.235
2022 08 21 23 02 00 2 5659.234
2022 08 21 23 01 00 2 5659.239
2022 08 21 23 00 00 2 5659.239
2022 08 21 23 00 00 1 5659.238
2022 08 21 22 59 00 2 5659.239
2022 08 21 22 58 00 2 5659.237
2022 08 21 22 57 00 2 5659.238
2022 08 21 22 56 00 2 5659.238
2022 08 21 22 55 00 2 5659.240
2022 08 21 22 54 00 2 5659.243
2022 08 21 22 53 00 2 5659.245
2022 08 21 22 52 00 2 5659.247
2022 08 21 22 51 00 2 5659.249
2022 08 21 22 50 00 2 5659.251
2022 08 21 22 49 00 2 5659.253
2022 08 21 22 48 00 2 5659.256
2022 08 21 22 47 00 2 5659.258
2022 08 21 22 46 00 2 5659.260
2022 08 21 22 45 00 2 5659.261
2022 08 21 22 45 00 1 5659.262
2022 08 21 22 44 00 2 5659.263
2022 08 21 22 43 00 2 5659.266
2022 08 21 22 42 00 2 5659.268
2022 08 21 22 41 00 2 5659.269
2022 08 21 22 40 00 2 5659.271
2022 08 21 22 39 00 2 5659.272
2022 08 21 22 38 00 2 5659.274
2022 08 21 22 37 00 2 5659.275
2022 08 21 22 36 00 2 5659.276
2022 08 21 22 35 00 2 5659.275
2022 08 21 22 34 00 2 5659.274
2022 08 21 22 33 00 2 5659.275
2022 08 21 22 32 00 2 5659.278
2022 08 21 22 31 00 2 5659.285
2022 08 21 22 30 00 2 5659.289
2022 08 21 22 30 00 1 5659.291
2022 08 21 22 29 00 2 5659.292
2022 08 21 22 28 00 2 5659.296
2022 08 21 22 27 00 2 5659.299
2022 08 21 22 26 00 2 5659.302
2022 08 21 22 25 00 2 5659.305
2022 08 21 22 24 00 2 5659.307
2022 08 21 22 23 00 2 5659.308
2022 08 21 22 22 00 2 5659.311
2022 08 21 22 21 00 2 5659.313
2022 08 21 22 20 00 2 5659.315
2022 08 21 22 19 00 2 5659.316
2022 08 21 22 18 00 2 5659.318
2022 08 21 22 17 00 2 5659.319
2022 08 21 22 16 00 2 5659.321
2022 08 21 22 15 00 2 5659.322
2022 08 21 22 15 00 1 5659.322
2022 08 21 22 14 00 2 5659.323
2022 08 21 22 13 00 2 5659.325
2022 08 21 22 12 00 2 5659.326
2022 08 21 22 11 00 2 5659.327
2022 08 21 22 10 00 2 5659.328
2022 08 21 22 09 00 2 5659.326
2022 08 21 22 08 00 2 5659.325
2022 08 21 22 07 00 2 5659.330
2022 08 21 22 06 00 2 5659.329
2022 08 21 22 05 00 2 5659.329
2022 08 21 22 04 00 2 5659.334
2022 08 21 22 03 00 2 5659.332
2022 08 21 22 02 00 2 5659.332
2022 08 21 22 01 00 2 5659.338
2022 08 21 22 00 00 2 5659.339
2022 08 21 22 00 00 1 5659.339
2022 08 21 21 45 00 1 5659.355
2022 08 21 21 30 00 1 5659.365
2022 08 21 21 15 00 1 5659.374
2022 08 21 21 00 00 1 5659.376
2022 08 21 20 45 00 1 5659.379
2022 08 21 20 30 00 1 5659.378
2022 08 21 20 15 00 1 5659.374
2022 08 21 20 00 00 1 5659.367
2022 08 21 19 45 00 1 5659.355
2022 08 21 19 30 00 1 5659.338
2022 08 21 19 15 00 1 5659.317
2022 08 21 19 00 00 1 5659.293
2022 08 21 18 45 00 1 5659.269
2022 08 21 18 30 00 1 5659.240
2022 08 21 18 15 00 1 5659.210
2022 08 21 18 00 00 1 5659.179
2022 08 21 17 45 00 1 5659.148
2022 08 21 17 30 00 1 5659.117
2022 08 21 17 15 00 1 5659.083
2022 08 21 17 00 00 1 5659.051
2022 08 21 16 45 00 1 5659.018
2022 08 21 16 30 00 1 5658.987
2022 08 21 16 15 00 1 5658.955
2022 08 21 16 00 00 1 5658.923
2022 08 21 15 45 00 1 5658.891
2022 08 21 15 30 00 1 5658.861
2022 08 21 15 15 00 1 5658.835
2022 08 21 15 00 00 1 5658.809